0 717.2 1116.64 -8.23
10 582.96 1011.64 4.83
100 755.24 1236.85 -12.21
101 1855.37 74.06 15.33
102 299.03 519.62 -14.08
103 323.41 934.96 1.52
104 204.99 1450.06 4.42
105 683.51 1069.4 -4.4
106 997.71 1964.26 14.52
107 1850.74 422.26 4.59
108 921.75 1545.55 -9.44
109 811.08 1158.61 5.19
110 307.66 907.66 2.12
111 1022.71 1983.63 12.68
12 335.14 1269.48 2.16
17 500.99 956.41 -19.82
18 600.61 887.92 -18.34
19 400.76 1156.56 -2.6
2 708.66 1269.17 -5.7
20 591.93 1221.35 1.14
24 674.09 1292.73 -9.88
25 1041.95 950.81 -10.24
27 615.78 1245.7 -5.21
28 653.87 851.23 -18.29
30 674.66 1032.02 -2.38
32 720.3 1261.06 -4.15
34 504.8 986.16 4.25
36 1305.92 493.82 21.36
38 1266.31 522.32 18.52
41 1058.37 939.35 -9.78
42 1349.56 464.28 -15.68
43 1062.94 669.54 9.31
45 1075.49 927.31 -10.53
48 834.09 1377.58 -12.97
49 1414.09 611.22 0.84
5 670.41 1222.93 7.42
51 705.95 1259.61 11.26
53 1374.06 448.62 -16.58
57 716.49 1019.3 11.19
58 821.9 1174.59 5.4
61 530.28 1022.65 2.44
65 426.19 1376.13 -12.06
68 446.13 892.01 -13.42
69 745.96 1231.99 15.19
7 32.28 1287.29 -17.17
72 412.1 950.37 7.18
74 549.27 1367.44 5.35
75 734.59 1232.93 -0.0
78 622.53 1490.18 7.92
79 360.0 1099.22 -2.48
80 409.0 1019.88 -23.07
81 837.23 1196.84 1.7
82 690.42 1193.58 -13.19
83 455.94 1182.48 -2.32
84 878.89 1256.57 11.2
85 673.75 1144.02 -9.32
86 1567.11 590.68 12.65
87 457.06 1277.02 6.99
88 430.24 1295.56 6.46
89 596.74 931.96 12.64
9 389.67 1228.55 -2.12
90 544.64 1043.23 2.1
91 509.45 1096.47 4.15
92 1597.41 231.44 15.85
93 1624.77 215.11 14.03
94 872.34 990.96 7.2
95 633.51 898.0 12.23
96 350.29 610.37 -6.21
97 1768.35 127.77 22.18
98 171.88 1291.35 14.07

0-105
0-30
0-57
0-82
0-85
10-17
10-30
10-34
10-61
10-89
10-90
100-109
100-2
100-24
100-32
100-5
100-51
100-58
100-69
100-75
100-81
100-82
103-110
103-72
105-30
105-57
105-85
106-111
109-58
109-69
109-81
12-88
12-9
17-34
17-61
17-68
17-72
17-89
17-90
18-28
18-89
18-95
19-79
19-83
19-9
2-24
2-27
2-32
2-5
2-51
2-69
2-75
2-82
20-27
20-5
24-27
24-32
24-5
24-51
24-69
24-75
25-41
25-45
27-5
27-51
27-82
28-89
28-95
30-57
32-5
32-51
32-69
32-75
32-82
34-61
34-72
34-90
36-38
36-42
36-53
41-45
42-53
5-51
5-69
5-75
5-82
5-85
51-69
51-75
51-82
58-69
58-81
58-84
61-90
61-91
65-88
68-72
69-75
69-81
69-82
72-80
75-82
79-80
81-84
82-85
83-87
83-9
87-88
87-9
88-9
89-95
90-91
92-93
