0 1778.83 121.32 22.83
1 324.48 564.72 -0.07
10 900.47 1531.43 -7.69
11 620.43 979.26 -3.22
12 671.86 1206.45 -7.79
13 471.8 752.32 -14.12
15 1156.54 1596.87 -11.49
16 205.62 1449.63 4.34
17 1922.09 31.6 7.98
18 1942.21 18.74 14.95
19 1004.27 1969.34 12.01
2 356.75 989.47 -2.41
20 1018.73 1980.55 9.34
21 751.67 1228.03 2.16
22 761.31 971.91 -2.2
23 573.87 1085.16 0.81
24 1180.2 1628.35 -12.85
25 1878.67 405.9 3.64
27 432.78 695.22 -11.22
3 1117.36 1548.07 13.34
4 722.21 1259.73 -16.06
5 1142.63 1578.36 -10.42
7 875.86 1515.46 7.08
8 518.5 1235.06 1.39
9 511.13 995.23 2.99

10-7
12-21
12-4
13-27
15-24
15-3
15-5
17-18
19-20
21-4
24-5
3-5
