0 1681.41 180.82 21.47
1 355.28 619.23 -5.71
10 858.92 1494.41 -11.05
11 646.32 1013.49 11.76
12 636.76 1230.99 -12.43
13 517.71 804.77 -11.73
15 1120.32 1551.57 10.61
16 260.53 1411.95 4.91
17 1838.72 84.54 16.72
18 1862.9 69.3 14.27
19 955.49 1930.54 -10.22
2 386.39 1034.82 -2.39
20 972.3 1944.57 11.35
21 793.9 1198.68 11.62
22 752.49 978.03 -2.44
23 547.91 1047.93 3.14
24 1140.69 1575.78 -13.27
25 1828.74 435.35 11.33
27 463.57 740.28 -10.93
28 1908.93 40.06 8.09
29 736.05 1048.08 6.41
3 1071.06 1493.64 -5.55
30 761.37 971.87 -0.95
31 317.37 924.48 1.88
32 191.95 1459.0 4.11
4 693.43 1256.47 1.39
5 1107.23 1536.1 10.57
7 833.9 1458.49 10.12
8 564.61 1203.54 3.15
9 485.1 967.38 -2.69

10-7
11-22
11-23
11-29
11-30
12-4
12-8
13-27
15-24
15-3
15-5
16-32
17-18
17-28
18-28
19-20
2-31
2-9
21-4
22-29
22-30
23-9
24-3
24-5
29-30
3-5
4-8
