0 1387.2 358.02 21.91
1 449.73 780.12 3.87
10 762.98 1355.59 0.54
11 761.66 1178.97 -8.45
12 513.39 1315.91 1.73
13 533.41 934.1 -13.54
15 1012.21 1430.58 -9.32
16 423.65 1300.1 4.62
17 1584.32 239.28 15.55
18 1621.41 217.11 12.8
19 826.75 1794.73 -2.33
2 491.25 1068.43 9.07
20 840.29 1813.79 -1.17
21 747.69 1065.21 7.86
22 725.13 997.01 -2.65
23 618.74 1064.53 -12.37
24 1026.31 1445.38 -10.39
25 1677.84 524.96 2.01
27 559.68 869.14 -0.67
28 1670.78 187.28 17.7
29 649.86 922.26 10.99
3 932.28 1331.21 9.91
30 736.69 988.99 -1.4
31 389.89 1040.16 -1.65
32 343.39 1355.12 4.0
4 600.46 1123.01 1.96
5 999.12 1416.46 -9.81
7 717.12 1290.46 0.64
8 700.57 1109.83 3.13
9 407.26 1066.54 -4.42

1-27
10-7
11-21
11-7
11-8
12-16
13-2
13-27
13-29
15-24
15-3
15-5
16-32
17-18
17-28
18-28
19-20
2-23
2-31
2-4
2-9
21-22
21-23
21-30
21-8
22-23
22-29
22-30
22-8
23-29
23-30
23-4
23-8
24-3
24-5
27-29
29-30
3-5
30-8
31-9
4-8
