0 1291.67 418.78 10.59
1 480.33 832.82 3.64
10 730.4 1309.33 0.52
11 788.96 1202.15 -2.19
12 487.69 1283.2 12.09
13 452.02 990.1 -22.43
15 978.21 1389.78 -9.79
16 477.49 1262.94 4.4
17 1499.27 290.27 17.1
18 1540.02 265.78 14.28
19 792.58 1745.51 11.64
2 565.56 1016.94 8.04
20 805.44 1764.64 5.14
21 708.14 1007.1 10.49
22 715.69 1003.56 -2.6
23 657.4 1120.15 -12.17
24 990.13 1405.61 -10.56
25 1627.56 554.11 0.92
27 575.86 904.6 -1.95
28 1590.47 235.6 14.09
29 622.63 881.85 3.83
3 890.1 1273.1 12.13
30 728.09 994.96 -2.26
31 419.05 1084.44 -4.55
32 395.26 1319.56 4.33
4 560.59 1066.11 4.43
5 966.29 1373.98 -10.25
7 693.41 1256.44 7.25
8 745.79 1078.6 6.02
9 434.51 1107.86 -5.45

1-27
10-11
10-7
11-3
11-7
11-8
12-16
12-32
13-2
13-31
13-4
13-9
15-24
15-3
15-5
16-32
17-18
17-28
18-28
19-20
2-21
2-23
2-27
2-29
2-4
21-22
21-23
21-30
21-8
22-23
22-30
22-8
23-30
23-4
23-7
23-8
24-5
27-29
3-5
30-8
31-4
31-9
4-9
