0 1102.12 545.54 -17.31
1 534.3 929.35 4.5
10 674.41 1228.76 7.88
12 427.59 1202.53 -3.58
13 415.14 1078.51 -4.99
15 910.78 1303.56 4.44
16 568.89 1200.62 3.48
17 1329.33 394.56 11.27
18 1378.96 363.04 18.08
19 721.97 1640.35 12.88
2 629.43 1080.07 -12.68
20 736.13 1661.54 12.07
21 638.1 904.8 14.03
22 670.36 952.52 2.44
23 723.06 1216.38 -12.72
24 922.52 1319.21 8.6
25 1527.61 614.48 10.96
27 547.93 952.28 3.38
28 1428.34 333.04 16.73
3 822.78 1190.26 2.31
30 709.94 1007.54 -2.05
31 473.99 1166.26 -2.93
32 498.46 1248.68 1.2
34 848.82 1480.25 11.19
35 174.58 1470.9 7.83
36 792.32 1199.79 1.12
4 497.55 975.77 2.8
5 899.16 1286.47 9.5
7 627.63 1161.72 0.93
9 468.05 1174.07 1.74

1-21
1-22
1-27
1-4
10-16
10-23
10-36
10-7
12-13
12-16
12-31
12-32
12-9
13-31
13-4
13-9
15-24
15-3
15-5
16-2
16-31
16-32
16-7
16-9
17-18
17-28
18-28
19-20
2-22
2-30
2-7
21-22
21-27
21-30
22-27
22-30
23-3
23-36
23-7
24-5
27-4
3-36
3-5
31-32
31-9
32-9
36-5
