0 1485.85 298.37 20.31
1 417.61 726.22 10.88
10 794.56 1400.72 9.17
11 728.66 1132.72 -8.48
12 554.68 1287.87 -13.6
13 576.4 903.87 -5.18
15 1049.8 1470.06 -10.28
16 369.87 1336.97 4.37
17 1670.5 187.45 19.2
18 1703.35 167.5 17.58
19 864.46 1843.85 -12.62
2 444.43 1100.89 3.94
20 881.31 1861.89 -11.58
21 774.63 1104.85 12.96
22 734.63 990.42 -2.22
23 584.97 1014.6 2.16
24 1063.34 1485.03 -3.68
25 1728.33 495.57 7.07
27 532.54 822.37 9.74
28 1750.55 138.75 18.64
29 672.52 955.63 3.88
3 976.47 1387.47 -14.59
30 744.23 983.76 -2.03
31 383.52 1030.45 -0.43
32 293.48 1389.35 4.48
4 630.35 1165.59 0.65
5 1035.72 1455.28 -9.13
7 756.35 1346.18 0.66
8 658.35 1138.94 4.27
9 391.55 1031.97 -6.74

1-27
10-7
11-21
11-22
11-30
11-4
11-8
12-4
13-23
13-27
13-29
15-24
15-3
15-5
16-32
17-18
17-28
18-28
19-20
2-31
2-9
21-22
21-30
21-8
22-29
22-30
23-29
23-8
24-3
24-5
29-30
3-5
31-9
4-8
