0 1387.2 358.02 21.91
1 448.78 778.49 3.77
10 765.59 1359.31 0.56
11 761.53 1178.78 -8.39
12 512.62 1315.96 3.87
13 533.76 933.86 -13.53
15 1012.74 1431.13 -9.06
16 423.52 1300.19 4.33
17 1584.32 239.28 15.55
18 1621.41 217.11 12.8
19 826.75 1794.73 -2.33
2 490.57 1068.91 9.07
20 840.29 1813.79 -1.17
21 747.49 1064.91 8.17
22 725.13 997.01 -2.65
23 618.33 1063.94 -11.98
24 1026.53 1445.62 -9.98
25 1675.48 526.32 1.99
27 559.56 868.94 -0.7
28 1670.78 187.28 17.7
29 649.29 921.41 11.31
3 931.64 1330.43 10.36
30 736.69 988.99 -1.4
31 383.62 1030.61 -0.0
32 343.96 1354.73 4.05
34 780.9 1381.05 0.61
35 326.22 1366.88 3.87
36 779.47 1111.97 10.6
37 675.04 1229.68 8.49
38 389.74 1039.9 -2.13
39 563.46 1304.57 -6.33
4 600.47 1123.02 1.96
40 275.18 1219.18 15.35
41 1695.4 514.74 2.17
42 702.31 1108.63 2.27
43 777.46 1210.18 7.87
44 687.63 1248.02 6.22
45 1747.18 484.38 7.77
46 546.08 845.38 -0.93
47 308.45 1379.08 4.44
48 289.09 1392.36 4.57
49 680.34 1123.77 3.48
5 998.3 1415.58 -10.17
50 226.13 1253.45 16.04
51 361.08 996.09 -1.97
52 804.21 1148.46 10.09
53 438.1 1105.1 -4.93
54 1119.15 1550.19 11.06
56 519.22 806.48 -13.31
57 1132.39 1565.84 10.72
58 1145.16 1581.73 -11.0
59 472.55 1419.19 0.19
60 155.32 1302.92 15.92
61 877.55 1516.71 -10.65
62 517.95 1235.43 1.23
63 342.81 968.14 2.78
64 314.37 547.09 -0.07
7 715.16 1287.68 0.63
8 666.92 1133.02 1.9
9 407.24 1066.51 -4.34

1-56
10-34
10-7
11-36
11-42
11-43
11-49
11-52
12-16
12-39
12-62
13-27
13-46
15-24
15-5
16-32
17-18
18-28
19-20
2-53
2-9
21-22
21-30
21-36
21-42
21-49
22-30
23-4
23-42
23-49
23-8
24-5
25-41
25-45
27-46
27-56
31-38
31-51
31-53
31-63
31-9
32-35
32-47
32-48
35-47
35-48
36-42
36-43
36-49
36-52
37-44
37-7
37-8
38-51
38-53
38-63
38-9
39-62
4-49
4-8
40-50
41-45
42-49
42-8
43-44
43-52
43-7
44-7
46-56
47-48
49-8
50-60
51-63
51-9
53-9
54-57
54-58
57-58
