0 607.97 950.61 13.04
1 121.58 1223.71 -15.48
10 546.21 1030.34 -3.38
12 362.27 1248.9 1.95
13 461.74 1148.11 -10.88
17 746.56 785.75 -15.0
18 832.37 726.14 -15.52
19 492.05 1289.72 12.6
20 581.93 1345.14 0.09
22 191.44 1173.83 -14.03
23 940.78 1495.72 6.8
24 695.84 1277.96 -5.84
25 1184.12 851.72 -11.7
27 693.44 1173.42 -7.67
28 883.74 691.32 -15.65
3 543.24 1041.22 1.73
30 674.69 1032.0 -1.54
31 814.11 1184.51 9.03
32 739.85 1244.16 -2.95
34 552.24 1054.12 2.15
36 999.43 713.8 8.43
38 1097.36 645.62 20.98
41 1202.11 839.22 -11.69
42 1126.21 624.77 18.04
43 889.59 789.85 15.58
45 1219.14 827.22 -6.31
48 675.85 1280.39 10.3
49 1238.99 733.29 13.67
5 688.9 1249.87 5.1
51 474.49 1167.02 -6.33
52 560.01 915.84 -15.42
53 1149.26 608.1 17.2
54 779.51 1112.01 9.5
56 434.47 1107.81 -5.73
57 797.86 1139.07 11.65
58 832.66 1190.32 0.0
59 546.36 1120.52 -2.71
60 609.04 1326.5 5.33
61 588.59 1106.1 1.57
62 301.47 745.87 11.1
63 446.97 1126.31 -10.88
64 350.66 1060.63 -20.04
65 423.92 1091.84 -2.09
68 653.2 927.21 9.54
69 498.65 1204.1 0.37
7 288.15 1104.89 -18.46
70 416.19 1080.11 -1.69
71 594.46 1028.64 -9.42
72 627.56 1313.72 6.45
73 787.91 1202.88 13.31
74 871.97 1851.89 -11.44
75 631.22 894.59 12.61
76 274.79 1402.17 4.93
77 178.79 1286.53 16.65
78 951.89 1927.52 -11.05
79 224.81 1436.47 4.56
80 729.68 1038.72 8.25
81 1180.39 1628.61 -12.53
82 700.04 1014.42 -0.0
9 412.88 1212.4 -1.98

0-52
0-68
0-71
0-75
1-22
1-77
10-3
10-34
10-59
10-61
10-71
12-9
13-51
13-56
13-59
13-63
13-65
13-69
13-70
13-9
18-28
18-43
19-69
20-60
20-72
24-32
24-48
24-5
24-60
24-72
25-41
25-45
27-32
27-5
27-73
28-43
3-34
3-59
3-61
3-71
30-71
30-80
30-82
31-32
31-54
31-57
31-58
31-73
32-48
32-5
32-73
34-59
34-61
34-71
38-42
38-53
41-45
42-53
45-49
48-5
48-60
48-72
5-72
51-56
51-59
51-63
51-65
51-69
51-9
52-68
52-75
54-57
54-58
54-73
54-80
56-63
56-64
56-65
56-70
57-58
57-73
58-73
59-61
59-63
59-69
60-72
61-71
63-65
63-69
63-70
63-9
64-65
64-7
64-70
65-70
68-75
68-82
69-9
76-79
80-82
