0 1099.64 547.2 -15.41
1 534.3 929.35 4.5
10 675.53 1230.4 7.17
12 426.44 1202.98 -2.73
13 408.71 1068.74 -4.67
15 911.23 1304.21 4.45
16 568.54 1200.86 3.48
17 1326.49 396.38 6.87
18 1381.66 361.39 17.78
19 721.97 1640.35 12.88
2 630.51 1081.62 -12.88
20 736.13 1661.54 12.07
21 639.27 906.54 14.03
22 670.6 952.86 2.64
23 720.52 1212.75 -12.18
24 923.04 1319.85 7.94
25 1523.17 617.22 12.03
27 548.32 952.95 3.5
28 1430.9 331.49 16.05
3 822.3 1190.59 5.97
30 713.64 1004.97 -0.03
31 455.46 1138.85 -12.78
32 497.23 1249.52 1.17
34 707.56 1276.89 0.0
35 478.93 1261.96 3.88
36 714.48 1016.35 11.56
37 562.96 1069.51 4.81
38 492.03 1067.89 9.83
39 714.16 1253.95 11.47
4 498.86 977.65 3.19
40 350.99 1086.55 -2.61
41 1542.09 605.74 10.36
42 696.84 990.75 7.32
43 763.94 1089.12 10.35
44 735.6 1250.41 -21.31
45 1866.53 413.01 4.07
46 432.78 695.22 -14.84
5 899.49 1286.95 9.86
7 626.84 1160.6 0.98
9 469.48 1173.08 -0.19

1-27
1-4
10-23
10-34
10-39
10-44
10-7
12-31
12-32
12-35
12-9
13-31
13-38
13-40
15-24
15-5
16-32
16-7
17-18
18-28
19-20
2-37
2-7
21-22
22-30
22-36
22-42
23-34
23-39
23-44
24-5
25-41
27-4
30-36
30-42
30-43
31-38
31-9
32-35
32-9
34-39
34-44
35-9
36-42
36-43
37-38
38-4
39-44
