0 909.29 674.01 -19.01
1 434.59 1002.14 -18.66
10 623.88 1156.37 0.92
12 408.29 1215.6 -2.48
13 470.27 1160.7 -12.42
15 849.37 1214.14 1.89
16 665.93 1133.71 4.36
17 1161.65 505.4 -14.17
18 1222.76 464.14 -8.86
19 652.75 1535.91 12.39
2 697.95 1180.15 -3.28
20 667.21 1557.61 12.54
21 559.9 915.92 -15.82
22 613.34 879.15 5.8
23 790.61 1314.52 -13.07
24 861.27 1231.11 1.67
25 1424.43 681.31 -11.27
27 577.81 1003.42 1.43
28 1271.39 432.1 -3.54
3 706.25 1269.63 -6.26
30 700.04 1014.42 -1.76
31 537.8 1265.0 6.54
32 587.3 1187.96 6.14
34 685.88 1245.47 7.69
35 517.84 1235.51 0.59
36 669.75 951.64 0.02
37 596.33 995.61 9.46
38 664.31 948.5 12.03
4 405.67 1022.19 -19.58
41 1440.92 669.79 -10.52
42 707.57 918.51 7.96
43 710.4 1010.4 8.53
44 662.36 1214.44 -1.89
45 1759.45 477.09 7.86
46 522.46 810.16 -12.04
47 242.12 1424.59 4.74
48 162.18 1479.42 4.38
5 838.33 1198.39 1.66
7 552.71 1054.8 4.24
9 453.93 1183.88 -1.85

1-4
10-16
10-2
10-32
10-44
12-13
12-9
13-35
13-9
15-24
15-5
16-2
16-32
16-44
17-18
18-28
19-20
2-3
2-34
2-44
21-22
21-27
21-37
22-36
22-38
23-3
24-5
25-41
27-37
27-7
3-34
3-44
30-36
30-38
30-42
30-43
31-32
31-35
32-35
32-44
34-44
35-9
36-37
36-38
36-42
36-43
37-38
37-7
38-42
38-43
42-43
47-48
