0 608.31 951.17 12.99
1 79.0 1254.02 -14.91
10 598.0 1033.86 -8.99
12 363.01 1248.34 1.95
17 750.04 783.27 -14.87
18 833.09 725.65 -15.45
19 493.43 1291.78 12.26
2 735.41 1250.54 -6.76
20 583.53 1344.05 0.35
22 200.14 1167.6 -14.05
23 1016.57 1548.66 -5.64
24 668.21 1296.72 -11.02
25 1184.91 851.17 -11.96
27 690.49 1193.53 -6.69
28 881.76 692.66 -15.28
3 542.72 1040.47 1.47
30 665.96 1042.75 2.0
31 818.1 1181.71 9.57
32 736.36 1235.78 0.95
34 503.94 984.93 4.01
36 1004.0 710.64 13.18
38 1104.29 640.61 21.28
41 1202.21 839.15 -11.95
42 1177.89 587.12 19.52
43 893.55 787.08 15.35
45 1485.91 640.19 12.58
46 683.23 1069.02 -8.51
47 457.7 1238.49 10.91
48 446.22 1284.51 7.03
49 792.18 1046.44 8.67
5 678.22 1234.32 6.96
50 332.94 1178.83 16.03
51 386.81 1035.46 -2.04
52 803.71 1147.72 9.85
53 429.96 1101.01 -1.87
54 1111.72 1541.41 10.83
56 518.88 806.09 -13.21
57 1172.22 1617.73 -12.79
7 310.63 1088.94 -18.01
9 412.72 1212.52 -1.98

0-10
10-3
10-30
10-46
12-47
12-48
12-50
12-9
18-28
18-43
19-47
19-48
2-24
2-27
2-32
2-5
20-24
23-54
24-32
24-5
25-41
27-32
27-5
28-43
3-34
30-46
31-32
31-52
32-5
38-42
47-48
47-9
48-9
50-7
50-9
51-53
51-7
54-57
