0 1583.71 239.64 16.99
1 385.52 672.27 8.71
10 827.71 1449.41 8.72
11 687.15 1074.5 -8.37
12 604.6 1253.46 -8.07
13 555.71 862.21 -0.88
15 1084.52 1509.27 9.78
16 313.79 1375.41 4.36
17 1754.71 136.18 19.54
18 1783.34 118.53 18.67
19 908.21 1889.53 5.4
2 420.89 1087.24 -4.85
20 925.45 1904.78 -4.44
21 813.7 1162.48 8.86
22 743.14 984.52 -1.99
23 554.5 1024.6 4.97
24 1099.05 1526.44 12.41
25 1778.0 466.07 7.47
27 497.05 781.35 -8.87
28 1829.76 90.04 18.52
29 703.83 1000.84 6.74
3 1022.64 1441.53 -12.34
30 753.53 977.31 -1.63
31 356.05 988.4 -2.49
32 243.47 1423.66 4.62
34 867.46 1505.93 -14.88
35 226.25 1435.47 4.41
36 804.83 1191.01 5.28
37 631.92 1310.71 5.99
38 493.65 961.47 -11.94
39 507.22 1217.34 0.29
4 658.51 1205.75 3.89
40 101.23 1340.72 15.01
41 1821.36 439.84 14.48
42 641.03 1096.69 -6.74
43 719.15 1210.77 -7.15
5 1071.64 1494.29 -4.14
7 794.41 1400.51 11.57
8 610.96 1171.63 5.41
9 446.31 994.04 -13.54

10-34
10-7
11-29
11-42
12-37
12-4
12-8
13-27
15-24
15-3
15-5
16-32
17-18
17-28
18-28
19-20
2-9
21-36
22-29
22-30
23-38
24-5
25-41
29-30
3-5
31-9
32-35
36-43
38-9
4-43
4-8
42-8
