0 720.68 804.18 -16.66
1 319.49 1082.66 -10.34
10 560.74 1066.33 3.67
12 388.88 1229.11 -2.65
15 793.72 1132.96 9.82
16 750.9 1074.05 -4.98
17 996.87 615.24 -6.28
18 1068.42 567.82 -5.16
19 584.34 1430.65 6.0
2 734.59 1232.92 -0.01
20 599.63 1454.51 7.71
22 472.16 976.25 -21.56
23 865.09 1422.14 -12.45
24 814.74 1195.82 -8.1
25 1328.83 748.62 -6.63
27 628.54 1078.79 -10.22
28 1116.07 536.13 -14.09
3 638.83 1177.69 2.13
30 682.05 1026.9 -2.31
31 593.72 1337.08 0.18
32 669.18 1137.37 2.3
34 611.45 1138.66 1.97
35 565.58 1180.01 8.44
36 739.32 896.46 12.81
38 838.22 826.68 21.95
4 317.22 1037.48 10.9
41 1346.01 736.27 -6.62
42 883.91 793.85 24.33
43 678.52 938.65 4.69
44 580.94 1269.77 -12.96
45 1649.0 541.68 1.02
46 583.68 910.21 7.27
47 356.34 1346.24 4.73
48 275.91 1401.4 4.98
49 662.92 1128.06 -7.14
5 765.83 1229.57 -15.77
50 69.13 1363.55 21.7
51 301.13 896.36 2.0
7 494.75 971.76 1.91
9 436.53 1195.97 -2.61

0-36
1-4
10-27
10-34
12-9
15-16
15-24
16-30
17-18
18-28
19-20
19-31
2-24
2-5
22-7
24-5
25-41
27-3
27-30
27-32
27-34
27-49
3-32
3-34
3-35
3-49
30-43
31-44
32-34
32-49
34-35
34-49
35-44
36-43
38-42
43-46
47-48
