0 1195.44 482.58 -19.84
1 510.94 886.81 -7.98
10 705.14 1273.4 3.04
11 839.61 1166.95 2.08
12 453.03 1231.54 12.68
13 390.52 1032.87 0.91
15 944.66 1346.44 7.78
16 518.17 1235.29 1.43
17 1412.51 342.62 19.1
18 1462.51 312.45 16.02
19 757.54 1693.16 11.01
2 594.11 1028.11 -8.95
20 770.85 1712.92 12.29
21 671.85 954.67 3.09
22 699.0 993.87 3.89
23 693.59 1173.64 -7.18
24 957.84 1362.75 -10.58
25 1574.66 586.12 11.47
27 543.97 926.85 -9.4
28 1511.09 283.14 16.8
29 597.0 843.38 11.55
3 848.84 1213.39 2.2
30 719.31 1001.04 -2.61
31 427.82 1097.77 -2.75
32 446.63 1284.23 6.31
34 715.02 1287.49 0.32
35 428.23 1296.95 4.63
36 748.74 1066.75 5.65
37 607.51 1133.05 1.84
38 439.68 1104.18 -5.53
39 632.68 1310.19 7.0
4 534.54 1028.74 2.57
40 384.54 1133.74 5.39
41 1592.49 575.23 12.64
42 736.73 1049.09 8.41
43 797.72 1138.87 10.38
44 842.01 1176.72 -23.0
5 932.23 1331.15 7.37
7 654.28 1199.71 2.13
9 467.08 1156.0 -11.78

1-27
1-29
10-34
10-39
10-7
11-3
11-43
11-44
12-16
12-32
12-35
12-9
13-31
13-38
15-24
15-5
16-32
16-9
17-18
18-28
19-20
2-4
21-22
21-30
22-30
22-36
22-42
23-37
23-7
24-5
25-41
27-29
3-43
3-44
30-36
30-42
31-38
31-40
31-9
32-35
34-39
36-42
36-43
37-7
38-40
38-9
40-9
43-44
