0 627.51 869.38 -21.92
1 243.14 1136.82 -16.22
10 541.97 1033.69 2.51
12 380.81 1234.83 -0.74
15 757.57 1147.65 -10.87
16 724.65 1031.32 11.39
17 913.92 670.88 -16.18
18 989.32 620.2 -3.04
19 552.03 1380.07 4.68
2 734.59 1232.93 -0.0
20 566.1 1402.09 6.3
22 380.54 1039.68 -21.63
23 907.16 1472.99 13.31
24 753.78 1237.85 -18.75
25 1282.13 782.19 -6.66
27 659.28 1122.84 -9.85
28 1037.74 588.13 -7.35
3 614.51 1143.03 1.68
30 673.35 1032.93 -1.99
31 645.82 1301.12 8.1
32 693.02 1172.79 -8.14
34 565.64 1073.36 5.1
36 826.49 835.11 21.33
38 926.59 764.0 11.64
41 1299.14 769.96 -6.99
42 982.9 725.15 8.86
43 735.48 899.14 12.31
44 525.79 1307.79 -13.68
45 1594.68 573.88 11.95
46 616.25 964.37 10.22
47 412.65 1307.64 4.7
48 332.21 1362.78 4.39
49 697.92 1111.65 3.72
5 705.56 1269.33 -1.41
50 156.06 1302.41 15.94
51 330.76 947.72 1.18
52 793.02 1199.3 1.82
54 1181.17 1629.65 -11.24
7 465.35 980.94 -9.98
9 428.61 1201.47 -1.62

0-46
10-34
10-7
12-47
12-9
15-2
15-24
15-32
15-49
15-52
16-30
16-49
17-18
17-38
17-42
18-28
19-20
19-44
2-24
2-32
2-5
2-52
24-32
24-5
24-52
25-41
27-3
27-30
27-32
27-49
3-32
3-34
3-49
30-46
30-49
31-5
32-49
32-5
38-42
47-48
