0 1485.85 298.37 20.31
1 417.61 726.22 10.88
10 796.51 1403.59 9.23
11 728.66 1132.72 -8.48
12 553.31 1288.82 -13.26
13 576.4 903.87 -5.18
15 1049.8 1470.06 -10.28
16 367.97 1338.27 4.27
17 1670.5 187.45 19.2
18 1703.35 167.5 17.58
19 864.46 1843.85 -12.62
2 444.43 1100.89 3.94
20 881.31 1861.89 -11.58
21 774.63 1104.85 12.96
22 734.63 990.42 -2.22
23 584.97 1014.6 2.16
24 1063.34 1485.03 -3.68
25 1727.72 495.94 7.4
27 532.54 822.37 9.74
28 1750.55 138.75 18.64
29 672.52 955.63 3.88
3 976.47 1387.47 -14.59
30 744.23 983.76 -2.03
31 383.52 1030.45 -0.43
32 293.6 1389.26 4.27
34 822.6 1441.91 12.88
35 276.61 1400.92 4.26
36 814.71 1163.97 7.94
37 693.6 1268.13 6.05
38 422.06 1010.82 -19.19
39 542.97 1273.1 5.91
4 630.47 1165.77 0.62
40 187.56 1280.4 15.91
41 1754.54 480.01 9.78
42 669.02 1131.16 2.88
43 740.24 1235.53 -3.47
5 1035.72 1455.28 -9.13
7 754.82 1344.01 0.67
8 658.03 1139.15 4.43
9 391.55 1031.97 -6.74

10-34
10-7
11-21
11-36
11-42
11-8
12-39
13-27
15-24
15-5
16-32
17-18
17-28
18-28
19-20
2-31
2-38
2-9
21-36
22-29
22-30
24-5
25-41
29-30
3-5
31-38
31-9
32-35
37-43
37-7
38-9
4-42
4-8
42-8
