0 673.9 1055.94 -8.15
10 661.43 1125.93 -10.35
12 344.09 1262.7 2.15
17 586.89 897.37 -19.25
18 679.65 833.41 -14.47
19 437.29 1208.2 7.65
20 625.88 1274.5 9.33
22 21.37 1295.05 -16.87
25 1089.8 917.26 -11.09
27 630.61 1235.3 -9.3
28 728.19 798.83 -14.21
3 646.51 960.84 12.74
30 728.27 1132.16 -7.69
31 760.12 1083.51 12.88
32 626.49 1324.95 -17.42
34 437.67 990.15 -5.9
36 1180.19 585.44 18.2
38 1277.72 514.07 21.61
41 1106.9 905.38 -11.31
42 1372.16 449.81 -21.16
43 1052.65 676.63 8.86
45 1379.34 712.81 -13.0
46 750.41 1163.2 -5.28
47 390.82 1140.7 0.21
48 528.32 1250.13 3.78
49 911.9 963.61 7.08
5 616.12 1245.45 -4.02
50 489.67 1069.53 11.46
51 438.04 1113.15 -5.21
52 747.53 1064.97 7.59
53 518.64 1049.45 11.04
54 1039.08 1458.8 -10.05
56 576.31 897.77 0.02
57 1088.03 1513.42 12.78
58 1106.43 1535.16 13.9
59 406.34 1464.01 -0.08
60 85.62 1351.68 21.81
61 956.59 1568.67 -8.61
7 126.99 1219.87 -17.41
9 397.77 1222.92 -1.54

0-10
0-3
0-30
0-31
0-52
10-30
10-46
12-9
17-3
17-56
18-28
19-47
19-51
19-9
20-27
20-32
20-5
22-60
25-41
27-32
27-5
3-56
30-31
30-46
30-52
31-46
31-52
32-5
34-50
46-52
47-51
47-9
48-5
50-51
50-53
54-57
57-58
