0 636.06 996.81 12.73
1 0.07 1314.95 19.24
10 629.67 1080.42 -11.1
12 353.27 1255.73 1.93
17 668.48 841.18 -19.04
18 756.55 778.63 -13.8
19 470.53 1257.6 8.31
2 676.14 1291.34 -16.11
20 639.5 1305.48 4.01
22 111.1 1231.17 -16.56
25 1137.34 884.23 -11.63
27 665.22 1211.06 -3.33
28 804.79 744.96 -17.95
3 572.1 1012.4 7.15
30 691.76 1080.97 -7.14
31 801.74 1144.81 11.59
32 708.73 1269.12 -13.41
34 476.71 973.13 -8.17
36 1093.13 648.67 18.68
38 1190.37 577.97 17.76
41 1154.88 872.04 -10.82
42 1273.21 517.32 23.27
43 972.97 731.98 7.31
45 1432.34 675.79 -12.89
46 725.62 1128.45 -8.74
47 417.99 1180.8 -2.84
48 502.51 1245.93 1.35
49 851.91 1005.09 7.94
5 652.31 1220.08 -7.24
50 417.97 1119.34 14.58
51 417.55 1082.16 -4.29
52 771.0 1099.5 10.01
53 455.35 1093.32 5.78
54 1076.16 1499.4 10.67
56 561.13 871.69 -1.01
57 1131.66 1564.97 12.3
58 1152.75 1591.83 -14.77
59 292.93 1540.67 25.33
7 218.96 1154.13 -14.57
9 404.78 1218.04 -2.39

0-10
0-3
10-3
10-30
12-47
12-9
18-28
19-47
19-48
19-9
2-20
2-27
2-32
2-5
20-27
20-32
20-5
25-41
27-32
27-5
30-46
30-52
31-46
31-52
32-5
46-52
47-50
47-51
47-53
47-9
50-51
50-53
50-9
51-53
54-57
57-58
