0 814.16 738.5 -21.99
1 360.1 1054.01 -12.6
10 593.34 1112.86 1.57
12 398.11 1222.68 -2.58
13 507.36 1217.55 0.37
15 828.86 1184.76 6.08
16 706.99 1105.4 4.18
17 1079.11 560.76 -5.57
18 1146.03 515.94 -13.46
19 618.55 1483.98 7.83
2 726.29 1221.01 -11.58
20 633.03 1506.32 12.55
22 559.62 916.11 -16.36
23 828.12 1369.0 -13.24
24 838.78 1199.04 0.89
25 1376.08 715.06 -11.86
27 598.36 1034.4 -10.06
28 1193.94 483.6 -16.87
3 679.31 1235.91 8.66
30 691.09 1020.62 -2.0
31 567.9 1311.25 -8.26
32 637.34 1153.43 5.87
34 642.79 1183.33 2.54
35 553.46 1211.17 3.43
36 680.84 937.04 4.86
37 633.39 992.48 8.61
38 750.15 888.92 14.54
4 343.32 1065.78 -7.72
41 1393.2 703.12 -11.89
42 787.44 862.9 21.86
43 677.02 962.13 5.82
44 622.97 1240.65 -10.71
45 1705.07 509.12 2.1
46 561.23 871.86 -0.81
47 299.39 1385.29 4.61
48 219.01 1440.45 4.83
49 636.81 1090.64 -4.91
5 816.78 1194.42 -7.25
7 527.9 1019.23 2.99
9 446.11 1189.31 -2.25

1-4
10-27
10-32
10-34
10-49
12-9
13-35
13-9
15-24
15-5
16-30
16-32
16-49
17-18
18-28
19-20
2-3
2-34
2-5
22-46
24-5
25-41
27-30
27-37
27-49
27-7
3-32
3-34
3-44
30-36
30-37
30-43
30-49
31-44
32-34
32-44
32-49
34-35
34-44
34-49
35-44
36-37
36-38
36-43
37-43
37-49
38-42
47-48
