0 1004.94 609.89 -8.84
1 395.16 1251.35 -11.74
11 328.74 1157.87 -12.45
12 576.25 1000.85 2.14
13 459.93 1023.75 14.31
14 465.85 1349.19 -12.43
15 686.93 1587.38 11.52
16 1237.06 454.65 -2.25
17 547.46 1280.15 4.56
18 1411.88 690.08 -12.46
2 510.41 994.18 3.5
20 136.76 1212.91 -19.04
21 532.56 822.39 11.7
22 328.62 944.0 1.41
23 568.84 1185.02 2.0
3 506.23 1321.28 -7.38
4 399.85 1221.47 -1.72
5 526.01 1246.51 3.21
7 675.36 1569.87 10.92
9 372.14 1218.78 -4.66

1-4
1-9
11-4
11-9
12-2
13-2
14-3
15-7
17-23
17-3
17-5
23-5
3-5
4-9
