0 415.81 1079.52 -5.06
12 925.95 953.91 6.49
15 617.31 1261.33 10.0
16 613.51 879.03 -18.82
18 1003.85 976.81 -11.67
21 698.29 1180.67 -6.15
22 566.37 1181.23 7.14
23 483.27 1180.39 0.81
24 309.91 1130.87 -10.75
25 512.43 1392.18 -0.09
26 528.37 1250.21 5.0
28 806.25 1765.85 -0.01
29 873.23 1853.26 -12.3
30 825.1 1445.58 12.57
32 242.14 1424.57 4.37
33 947.76 1924.05 -13.25
34 476.46 758.01 -15.46
35 477.45 1370.39 -6.27
4 332.13 1271.73 1.26
9 676.14 1280.19 7.53

12-18
15-22
15-26
15-9
22-23
22-26
23-26
25-35
