0 721.12 803.87 -16.85
1 440.26 1366.58 -8.13
11 426.72 1296.97 -13.77
12 676.16 1059.11 -7.75
13 365.14 868.35 5.91
14 302.29 1460.96 -9.49
15 591.09 1441.21 6.7
16 1001.86 611.93 -7.34
18 1258.26 799.32 -9.75
2 349.6 1061.38 -21.26
21 540.61 939.73 -4.75
22 427.97 1097.99 -3.42
23 517.17 1140.6 -1.67
24 127.24 926.56 -7.84
25 377.95 1226.87 -3.34
26 360.4 1159.63 4.47
28 1014.44 1977.22 11.23
4 377.36 1237.45 -0.12
7 579.95 1423.78 5.64
9 463.21 1349.79 -7.27

1-11
1-9
11-25
11-4
11-9
15-7
2-22
2-26
22-23
22-26
25-26
25-4
26-4
