0 1388.87 357.0 21.88
1 309.32 1089.86 -12.07
10 398.73 1256.51 -14.96
11 507.78 951.74 -17.49
12 456.56 791.88 4.2
13 420.16 1183.85 -3.08
14 643.86 1226.01 -11.86
15 815.77 1779.27 -2.33
16 1556.64 255.84 14.4
17 423.74 1115.3 8.97
18 1621.52 557.61 0.95
2 597.96 1084.86 -1.99
20 241.75 1036.12 -2.11
3 669.77 1207.9 -4.58
4 453.78 1232.67 12.61
5 414.45 1306.4 3.62
6 328.9 1158.11 -11.69
7 804.39 1763.08 9.32
8 847.22 1396.45 -11.94
9 253.94 1052.85 -0.68

1-20
1-6
1-9
10-13
10-4
10-5
13-17
13-4
13-6
14-3
15-7
20-9
4-5
