0 1195.82 482.32 -20.06
1 331.09 1161.25 -9.2
11 326.76 1077.5 -17.83
12 526.2 914.22 -9.24
13 432.61 1109.1 10.28
14 546.98 1293.19 -12.94
15 751.51 1684.32 8.82
16 1394.76 353.42 18.75
17 480.91 1176.78 -4.02
18 1515.25 622.1 11.98
2 572.25 1082.84 2.45
20 283.5 1108.19 5.47
21 447.54 716.82 -12.76
3 593.52 1261.1 -10.5
4 416.78 1209.7 -2.33
5 454.19 1279.0 5.5
6 388.45 1241.7 -11.07
7 739.15 1666.05 12.18
8 925.49 1485.23 6.13
9 315.35 1138.66 -10.8

1-11
1-20
1-4
1-6
1-9
11-20
11-9
13-17
14-3
14-5
15-7
17-4
20-9
4-5
4-6
5-6
