0 475.28 1168.22 -4.6
12 1041.34 874.98 2.92
15 556.74 1166.49 11.19
16 457.99 986.0 -19.01
18 901.06 1047.82 -12.04
21 649.81 1193.35 1.56
23 547.92 1280.87 4.44
24 373.67 1220.91 -4.87
25 659.58 1291.62 11.47
26 525.49 1308.0 -9.58
28 739.21 1666.15 11.61
29 797.44 1752.73 12.33
30 740.11 1323.11 0.75
32 341.37 1356.5 3.99
33 838.87 1811.8 -2.88
34 566.9 881.59 5.25
35 536.14 1376.14 -0.13
37 877.77 1516.87 -15.85
4 314.58 1284.72 0.47
9 855.16 1156.38 1.97

0-15
15-21
21-25
23-26
23-35
24-4
25-30
26-35
29-33
32-4
