0 438.92 1114.44 -7.01
12 983.42 914.39 0.67
15 584.89 1210.15 1.03
16 535.43 932.71 -18.55
18 951.39 1012.58 -11.41
21 673.0 1205.66 -10.13
23 514.38 1228.37 0.36
24 340.09 1174.09 -7.31
25 569.19 1353.76 0.13
26 551.16 1287.95 2.12
28 772.72 1715.7 11.4
29 833.92 1804.83 -2.46
30 783.43 1384.65 0.74
32 291.63 1390.61 4.13
33 889.84 1871.0 -15.77
34 527.51 815.87 -12.39
35 499.92 1399.4 -3.82
37 943.2 1559.79 -11.07
4 323.14 1278.39 0.39
9 761.09 1221.51 13.36

15-21
15-23
15-26
21-9
23-26
25-26
25-35
29-33
