0 1291.45 418.93 10.87
1 298.92 1115.1 -7.17
10 440.22 1316.52 -14.71
11 417.61 1013.91 -22.54
12 492.2 853.25 4.23
13 390.81 1140.44 6.46
14 600.92 1256.0 -10.98
15 782.82 1730.98 11.06
16 1475.79 304.44 17.02
17 447.19 1126.65 -8.38
18 1568.31 589.96 10.31
2 588.51 1091.26 -2.08
20 275.49 1082.43 -0.65
3 626.16 1238.42 -12.44
4 425.72 1203.47 2.84
5 424.59 1299.44 1.03
6 349.45 1187.19 -4.02
7 771.28 1713.56 11.29
8 881.63 1445.9 -11.39
9 284.85 1095.28 -0.39

1-13
1-20
1-6
1-9
10-5
13-17
13-4
13-6
14-3
15-7
17-4
20-9
4-5
4-6
