0 534.01 933.69 -21.97
1 338.77 1436.12 -12.42
11 489.31 1387.55 -11.24
12 754.1 1072.86 7.61
13 295.69 735.05 10.87
15 552.78 1364.87 1.94
16 845.07 717.53 -15.41
18 1157.3 870.36 -12.1
2 172.19 1187.6 -14.62
21 590.09 1022.17 -9.31
22 489.68 1190.27 0.34
23 499.71 1152.45 -1.53
24 213.99 996.58 -11.0
25 439.18 1315.0 -11.15
26 437.92 1112.96 4.72
28 921.8 1901.51 -4.22
29 1012.9 1976.03 12.11
4 359.23 1251.21 1.28
7 520.05 1331.64 12.26
9 513.22 1391.65 -0.09

11-15
11-25
11-7
11-9
15-7
15-9
22-23
22-26
23-26
25-7
7-9
