0 440.09 998.33 -22.57
1 287.36 1471.03 -9.17
12 811.48 1033.05 8.34
13 260.12 667.87 13.81
15 600.3 1332.53 7.58
16 768.17 770.35 -13.83
18 1105.79 906.14 -12.23
2 83.63 1250.73 -16.4
21 627.09 1076.69 -13.31
22 518.98 1232.96 2.73
23 491.0 1158.37 -2.07
24 247.3 1043.73 -0.7
25 463.81 1350.65 -6.81
26 465.68 1153.92 -10.53
28 880.0 1860.49 -11.35
29 964.8 1938.38 -10.29
30 930.64 1551.45 -10.76
4 350.84 1257.57 1.58
7 487.43 1282.82 11.27
9 566.13 1355.84 0.12

15-9
22-23
22-26
22-7
23-26
25-7
