0 628.02 869.04 -22.35
1 389.85 1400.98 -11.52
11 459.13 1343.89 -6.4
12 710.5 1102.18 -4.01
13 331.77 802.83 13.28
14 248.91 1497.25 -12.49
15 559.32 1391.49 5.78
16 922.89 664.77 -17.64
18 1207.87 835.21 -12.24
2 261.17 1124.03 -17.35
21 569.39 989.07 5.33
22 452.78 1134.9 -11.67
23 508.44 1146.52 -2.01
24 179.63 950.63 -10.56
25 408.17 1270.16 -10.33
26 405.69 1127.94 11.52
28 967.35 1940.52 -7.39
4 368.25 1244.36 1.93
7 550.31 1377.38 3.64
9 491.89 1391.28 -8.49

1-11
11-25
11-7
11-9
15-7
15-9
22-23
22-26
25-4
7-9
