0 910.41 673.26 -18.58
1 430.42 1302.31 -12.22
11 349.83 1187.72 -3.96
12 610.37 985.89 7.38
13 437.59 990.02 6.57
14 411.69 1385.95 -10.83
15 655.32 1539.77 11.27
16 1158.89 507.27 -13.98
17 530.0 1304.89 -10.41
18 1359.83 726.34 -11.27
2 484.65 967.66 -4.72
20 34.71 1285.56 -19.44
21 566.37 880.68 4.85
22 363.8 1000.27 -2.25
23 546.63 1151.01 10.3
24 20.75 877.18 -10.91
4 391.41 1227.34 -1.66
5 550.76 1285.76 0.18
7 643.92 1522.66 11.16
9 405.23 1265.9 -11.49

1-14
1-17
1-4
1-9
11-4
11-9
13-2
13-22
15-7
17-5
4-9
