0 815.47 737.6 -20.52
1 460.26 1345.53 -5.2
11 387.84 1240.83 -10.43
12 638.8 1001.26 11.16
13 401.41 933.74 9.54
14 356.93 1423.63 -13.36
15 623.49 1491.68 7.34
16 1080.74 559.68 -5.46
17 492.73 1330.62 -11.92
18 1309.04 762.85 -7.13
2 435.34 1001.62 -16.11
21 566.76 911.2 -8.2
22 393.22 1045.21 -4.18
23 525.39 1135.01 -1.95
24 74.56 902.03 -6.09
25 352.18 1190.99 -2.27
4 386.6 1230.71 -0.99
5 524.46 1308.71 -11.04
7 612.14 1473.99 6.7
9 437.25 1312.2 -11.5

1-17
1-5
1-9
11-25
11-4
11-9
13-2
15-7
17-5
17-9
2-22
25-4
4-9
5-9
