0 1100.81 546.42 -16.97
1 360.14 1202.07 -5.32
11 295.37 1110.01 6.3
12 547.25 951.12 4.45
13 488.12 1069.39 -1.65
14 511.42 1317.7 -6.26
15 719.05 1635.96 11.06
16 1315.8 403.28 5.99
17 515.0 1229.34 0.34
18 1463.18 655.08 -1.76
2 543.84 1042.07 1.76
20 230.57 1145.81 -11.41
21 488.24 771.37 -10.97
22 295.03 885.8 2.3
3 536.96 1300.09 -12.89
4 408.26 1215.62 -2.14
5 499.18 1248.2 1.03
7 706.75 1617.36 12.06
8 977.02 1520.62 6.44
9 340.3 1174.39 -5.89

1-4
1-9
11-20
11-9
12-2
13-2
14-17
14-3
14-5
15-7
17-3
17-5
3-5
4-5
4-9
