0 660.58 1036.54 9.9
10 657.09 1119.71 -10.88
12 346.73 1260.69 2.15
17 599.77 888.5 -15.8
18 675.49 836.35 -16.5
19 427.34 1193.96 2.26
20 624.08 1271.72 9.81
22 571.71 907.81 -15.21
23 765.8 1278.47 -13.66
24 916.66 1312.0 8.58
25 1597.19 572.35 11.68
27 565.28 878.81 3.72
28 1688.52 176.5 17.3
29 661.08 938.9 8.53
3 646.9 960.56 12.63
30 744.93 983.28 -2.36
31 332.25 950.3 1.62
5 576.1 1273.11 -10.79
7 106.78 1234.24 -17.17
9 395.49 1224.5 -1.54

0-10
0-29
0-3
0-30
12-19
12-9
17-18
17-22
17-27
17-29
17-3
18-22
18-27
18-29
18-3
19-9
20-23
20-5
22-27
22-29
22-3
27-29
27-3
29-3
29-30
3-30
