0 627.29 982.58 7.76
10 624.82 1073.39 -11.26
12 355.91 1253.72 1.93
17 670.61 839.71 -19.0
18 753.29 780.95 -14.43
19 462.54 1245.7 12.4
20 639.52 1305.47 3.32
22 617.46 877.63 1.9
23 733.34 1231.13 -5.44
24 955.87 1360.23 -9.09
25 1647.15 542.76 0.91
27 538.18 831.58 -0.67
28 1768.44 127.72 18.37
29 684.82 973.4 6.09
3 572.12 1012.39 7.63
30 752.92 977.73 -2.09
31 295.03 885.8 2.58
5 616.1 1245.47 -4.92
7 197.91 1169.2 -14.66
9 402.51 1219.62 -2.39

0-10
0-17
0-22
0-29
0-3
0-30
10-29
10-3
12-19
12-9
17-18
17-22
17-27
17-29
19-9
20-23
20-5
22-27
22-29
22-3
23-5
29-3
29-30
