0 909.62 673.8 -18.78
1 441.95 997.05 -17.4
10 621.52 1153.01 1.24
12 411.08 1213.66 -2.47
13 473.8 1165.97 -10.14
15 847.38 1211.3 1.77
16 665.56 1133.96 3.97
17 1162.19 505.04 -14.7
18 1223.15 463.88 -9.32
19 653.55 1537.12 11.9
2 701.89 1185.94 -9.42
20 667.11 1557.47 12.71
21 561.93 914.52 -15.33
22 733.11 991.47 -2.12
23 548.27 1028.91 3.56
3 709.55 1268.55 -11.33
4 416.06 1014.98 -18.11
5 836.91 1196.38 1.48
7 555.97 1059.49 4.49
9 452.31 1185.01 -1.85

1-21
1-23
1-4
1-7
10-13
10-16
10-2
10-23
10-3
10-7
12-13
12-9
13-7
13-9
15-2
15-3
15-5
16-2
16-3
16-7
17-18
19-20
2-3
2-5
21-23
21-7
23-4
23-7
3-5
4-7
