0 701.61 1094.78 -8.52
12 338.13 1267.21 2.16
17 519.53 943.65 -20.17
18 600.9 887.72 -15.81
19 394.15 1147.25 -1.54
20 590.42 1218.94 1.19
22 486.7 966.25 -21.36
23 804.07 1334.07 -13.53
24 879.26 1257.12 11.33
25 1546.91 602.84 10.01
27 572.76 907.09 -3.02
28 1609.75 224.06 13.21
29 628.12 889.99 11.47
30 737.02 988.76 -2.2
31 372.44 1013.49 -2.68
32 203.28 1451.23 4.23
34 917.0 1542.4 -10.97
5 533.07 1302.78 -10.37
7 14.86 1299.69 -16.97
9 387.33 1230.18 -2.12

0-30
12-19
12-9
17-18
17-22
17-27
17-29
18-22
18-27
18-29
19-31
19-9
20-5
22-27
22-31
23-24
27-29
29-30
