0 813.93 738.66 -22.12
1 363.24 1051.81 -15.29
10 589.91 1107.98 1.55
12 401.35 1220.43 -2.43
13 511.79 1224.38 0.38
15 828.97 1184.92 5.42
16 707.51 1105.04 4.54
17 1079.03 560.81 -5.81
18 1144.17 517.19 -14.24
19 619.62 1485.65 7.29
2 732.46 1229.87 -5.38
20 632.83 1506.01 12.42
22 725.17 996.98 -2.57
23 581.66 1010.2 -5.08
24 1164.85 1607.93 -12.87
3 679.51 1236.2 8.07
4 343.44 1065.7 -10.51
5 816.68 1194.48 -6.58
7 525.66 1016.03 3.51
9 444.45 1190.47 -2.27

1-4
10-13
10-16
10-23
10-7
12-13
12-9
13-9
15-16
15-2
15-5
16-2
16-22
16-3
16-5
17-18
19-20
2-3
2-5
22-23
23-7
3-5
