0 607.56 949.92 12.89
1 77.67 1254.97 -15.8
10 593.73 1027.55 -7.76
12 365.65 1246.34 1.95
17 751.35 782.34 -14.64
18 831.16 726.96 -14.69
19 490.62 1287.58 11.7
20 585.94 1342.4 2.38
22 643.13 912.27 12.26
23 705.84 1191.69 -7.48
24 994.78 1411.77 -12.8
25 1697.59 513.47 1.87
27 504.31 789.59 -9.23
28 1847.71 78.89 15.46
29 719.48 1023.71 9.63
3 543.2 1041.17 1.52
30 761.39 971.86 -2.09
5 652.49 1219.96 -6.64
7 291.08 1102.81 -18.67
9 410.45 1214.1 -1.98

0-10
0-22
0-29
0-3
10-22
10-29
10-3
12-19
12-9
17-18
19-20
19-9
20-5
22-29
22-30
23-5
29-30
