0 1387.46 357.86 21.99
1 449.73 780.12 3.87
10 762.98 1355.59 0.54
11 760.65 1177.56 -7.69
12 513.41 1315.9 1.94
13 533.51 934.03 -13.64
15 1010.57 1428.83 -9.4
16 422.65 1300.78 4.49
17 1583.5 239.76 15.44
18 1624.59 215.21 13.16
19 826.75 1794.73 -2.33
2 494.91 1065.9 9.8
20 840.29 1813.79 -1.17
21 747.27 1064.59 8.44
3 931.1 1329.77 10.43
4 600.31 1122.8 1.96
5 996.67 1413.81 -10.18
7 717.12 1290.46 0.64
8 692.16 1115.62 5.51
9 407.32 1066.63 -4.43

10-7
11-21
11-7
11-8
12-16
13-2
15-3
15-5
17-18
19-20
2-4
2-9
21-8
3-5
4-8
