0 1005.43 609.57 -8.59
1 504.6 953.93 -11.43
10 644.58 1185.89 1.72
12 419.8 1207.59 -2.69
13 438.4 1113.68 -6.09
15 878.25 1255.63 9.81
16 622.69 1163.54 6.2
17 1244.76 449.59 -2.26
18 1302.89 411.59 9.1
19 687.7 1588.54 11.83
2 671.07 1140.01 -11.39
20 701.77 1609.82 11.77
21 612.7 879.59 -2.62
22 742.91 984.68 -2.5
23 552.58 1054.62 3.72
3 778.96 1220.55 -14.88
4 473.52 975.32 -7.82
5 866.86 1239.09 1.79
7 596.29 1117.07 1.91
9 459.45 1180.05 -2.04

1-21
1-23
1-4
10-16
10-2
10-3
10-7
12-13
12-9
13-23
13-4
13-9
15-3
15-5
16-2
16-23
16-7
17-18
19-20
2-23
2-3
2-7
23-4
23-7
3-5
