0 1485.56 298.54 19.86
1 417.61 726.22 10.88
10 794.56 1400.72 9.17
11 729.35 1133.68 -8.48
12 554.87 1287.75 -13.26
13 576.71 903.3 4.59
15 1047.44 1467.58 -9.78
16 367.8 1338.39 4.23
17 1669.55 188.03 18.75
18 1704.26 166.94 17.66
19 864.46 1843.85 -12.62
2 444.67 1100.72 4.05
20 881.31 1861.89 -11.58
21 776.33 1107.34 12.96
3 975.5 1386.19 -13.79
4 630.37 1165.62 0.67
5 1033.4 1452.84 -9.69
7 756.35 1346.18 0.66
8 657.84 1139.29 4.49
9 391.55 1031.97 -6.74

10-7
11-21
11-4
11-8
12-4
15-3
15-5
17-18
19-20
2-9
21-8
3-5
4-8
