0 581.92 907.22 5.69
1 159.71 1196.52 -13.82
10 574.37 1010.83 4.23
12 374.13 1239.9 2.2
16 688.35 978.49 6.08
17 832.5 726.05 -15.54
18 909.28 674.02 -15.11
19 525.33 1339.57 13.05
20 547.37 1370.48 -5.12
22 670.14 952.2 2.23
23 685.54 1161.62 -9.55
24 1039.21 1458.94 -10.84
25 1747.63 484.11 7.47
27 468.63 747.68 -10.44
28 1926.27 28.92 7.55
29 744.47 1060.47 2.75
3 575.52 1087.53 4.33
5 677.26 1232.91 7.17
7 383.25 1037.77 -21.35
9 418.79 1208.3 -2.56

0-10
0-16
0-22
10-16
10-22
10-3
12-9
16-22
16-29
17-18
19-20
22-29
23-29
23-3
23-5
