0 1583.22 239.93 17.5
1 385.52 672.27 8.71
10 826.47 1447.61 9.08
11 687.78 1075.39 -8.37
12 605.0 1253.18 -7.56
13 555.94 862.62 -0.89
15 1084.9 1509.73 9.7
16 314.21 1375.12 4.47
17 1753.63 136.85 19.66
18 1783.05 118.71 18.61
19 908.21 1889.53 5.4
2 421.07 1087.51 -4.85
20 925.45 1904.78 -4.44
21 814.29 1163.36 7.91
3 1021.72 1440.57 -12.43
4 658.69 1206.01 4.16
5 1071.13 1493.72 -4.33
7 795.51 1402.12 11.77
8 610.96 1171.63 5.41
9 446.31 994.04 -13.54

10-7
11-4
11-8
12-4
12-8
15-3
15-5
17-18
19-20
2-9
3-5
4-8
