0 1100.49 546.63 -16.51
1 534.23 929.16 2.74
10 677.07 1232.64 7.73
12 431.58 1202.89 0.97
13 415.93 1079.7 -5.15
15 909.31 1301.42 5.26
16 569.41 1200.27 3.56
17 1327.82 395.53 9.05
18 1382.4 360.94 18.18
19 721.97 1640.35 12.88
2 633.0 1085.19 -12.12
20 736.13 1661.54 12.07
21 639.82 907.36 14.08
22 752.29 978.17 -1.81
23 574.39 1085.91 0.52
3 823.74 1189.59 -3.05
4 498.99 977.84 2.73
5 897.65 1284.24 9.87
7 627.63 1161.72 0.86
9 467.29 1174.6 -1.66

1-21
1-4
10-16
10-7
12-13
12-16
12-9
13-4
13-9
15-3
15-5
16-2
16-23
16-7
16-9
17-18
19-20
2-23
2-7
21-22
23-4
23-7
23-9
3-5
