0 626.12 870.34 -22.98
1 240.58 1138.65 -15.28
10 542.9 1032.83 1.64
12 382.72 1233.39 -2.27
15 765.54 1142.03 -9.03
16 724.49 1031.08 11.1
17 913.89 670.9 -16.61
18 987.4 621.46 -3.04
19 553.95 1383.07 4.91
2 646.77 1311.28 -16.38
20 566.21 1402.27 6.21
22 698.46 993.09 4.14
23 647.66 1106.19 -12.84
24 1082.97 1507.45 12.13
25 1799.05 453.4 10.61
27 438.92 704.21 -10.65
3 615.72 1144.75 1.45
5 703.19 1268.25 7.23
7 458.62 985.57 -12.31
9 426.69 1202.8 -1.99

0-22
10-23
10-3
10-7
12-9
15-16
15-23
15-3
15-5
16-22
16-23
17-18
19-2
19-20
2-20
2-5
22-23
23-3
