0 1289.39 420.25 10.01
1 480.33 832.82 3.64
10 730.4 1309.33 0.52
11 789.48 1201.78 -6.56
12 487.32 1282.65 11.88
13 450.38 991.24 -22.43
15 976.29 1387.24 -10.82
16 477.83 1262.71 4.38
17 1497.33 291.44 17.68
18 1543.46 263.72 14.23
19 792.58 1745.51 11.64
2 568.52 1014.88 7.17
20 805.44 1764.64 5.14
21 707.18 1005.71 10.7
3 889.13 1271.68 12.28
4 560.18 1065.52 4.47
5 963.57 1370.36 -10.52
7 693.41 1256.44 7.25
8 725.27 1092.78 6.04
9 433.66 1106.59 -4.84

10-11
10-7
11-3
11-7
11-8
12-16
13-2
13-4
13-9
15-3
15-5
17-18
19-20
2-21
2-4
21-8
3-5
4-9
