0 719.46 805.05 -17.6
1 316.23 1084.97 -11.6
10 556.95 1060.89 3.71
12 392.41 1226.65 -2.23
15 795.14 1135.05 10.45
16 751.02 1073.77 -1.72
17 996.27 615.63 -5.7
18 1066.0 569.42 -5.47
19 586.54 1434.09 6.19
2 718.27 1262.48 -11.69
20 599.16 1453.79 7.57
22 715.99 1003.35 -2.09
23 609.28 1050.55 -11.9
24 1124.98 1557.08 11.99
25 1848.65 423.48 3.8
3 639.3 1178.35 2.16
4 315.62 1035.12 11.24
5 764.1 1230.75 -15.55
7 493.83 970.45 1.43
9 435.46 1196.71 -1.55

1-4
10-23
10-3
10-7
12-9
15-16
15-2
15-5
16-22
16-23
17-18
19-20
2-3
2-5
22-23
23-3
23-7
3-5
