0 1681.04 181.05 21.56
1 355.28 619.23 -5.71
10 858.92 1494.41 -11.05
11 647.23 1014.95 12.42
12 638.27 1229.93 -11.83
13 517.62 804.67 -11.83
15 1120.08 1551.29 10.05
16 259.63 1412.57 4.82
17 1837.59 85.24 18.81
18 1863.34 69.02 14.52
19 955.49 1930.54 -10.22
2 386.29 1034.67 -2.46
20 972.3 1944.57 11.35
21 793.9 1198.68 11.62
3 1070.53 1493.05 -5.44
4 693.43 1256.47 1.39
5 1106.96 1535.79 9.99
7 833.9 1458.49 10.12
8 564.61 1203.54 3.15
9 485.1 967.38 -2.69

10-7
12-4
12-8
15-3
15-5
17-18
19-20
2-9
21-4
3-5
4-8
