0 1194.42 483.28 -19.59
1 511.23 887.33 -8.3
10 705.66 1274.16 2.06
11 836.98 1168.75 1.88
12 464.23 1248.22 10.93
13 388.65 1036.46 -6.16
15 942.17 1343.38 7.79
16 518.88 1234.8 1.36
17 1411.86 343.02 19.28
18 1462.01 312.75 16.94
19 757.54 1693.16 11.01
2 595.25 1029.8 -9.39
20 770.85 1712.92 12.29
21 672.1 955.02 3.02
22 761.31 971.91 -2.2
3 848.68 1213.16 2.28
4 534.03 1028.02 2.45
5 929.79 1328.15 7.25
7 654.17 1199.55 2.18
9 466.54 1155.2 -11.83

1-4
10-7
11-3
12-16
12-9
13-4
13-9
15-5
16-7
16-9
17-18
19-20
2-21
2-4
21-22
3-5
4-9
