0 944.7 598.65 3.66
1 979.43 694.01 -0.66
10 789.7 619.14 -0.63
13 1199.18 1299.66 -7.34
14 1231.38 1344.46 -6.69
15 812.94 604.79 -10.22
17 940.85 753.76 -9.12
18 761.27 700.91 19.38
19 749.9 642.87 3.91
21 561.9 764.09 -0.0
22 647.73 771.85 14.57
23 704.27 736.52 22.98
24 724.34 846.96 2.34
25 612.88 723.1 19.47
26 581.57 741.3 19.48
27 588.83 809.56 -5.69
28 756.26 894.91 1.65
29 1172.68 1090.36 -9.31
8 890.0 671.08 -14.15
9 929.92 735.45 -11.12

0-8
1-17
1-8
1-9
10-15
10-18
10-19
13-14
15-19
17-8
17-9
18-19
18-23
21-22
21-25
21-26
21-27
22-23
22-25
22-26
22-27
23-25
24-28
25-26
25-27
26-27
8-9
