0 963.59 595.12 3.17
1 1007.95 743.79 1.36
10 826.71 597.09 8.5
13 1155.17 1241.01 -14.23
14 1190.67 1287.99 -13.63
15 865.75 624.09 4.9
17 916.93 713.31 -7.74
18 666.16 760.33 15.83
19 804.29 610.16 -8.62
21 561.9 764.09 -0.0
22 630.25 782.76 0.03
23 639.05 777.27 6.05
24 716.38 835.01 2.35
25 732.06 653.47 6.78
26 698.37 673.47 6.59
27 566.46 771.52 -2.0
28 750.53 886.3 1.63
29 1140.69 1046.89 -10.56
8 869.8 636.13 -0.42
9 905.59 697.26 8.12

1-17
10-15
10-19
10-8
13-14
15-19
15-8
15-9
17-8
17-9
18-22
18-23
18-24
18-26
19-25
19-8
21-22
21-23
21-27
22-23
22-27
23-24
23-27
24-28
25-26
8-9
