0 1084.59 541.81 3.74
10 1003.12 584.21 1.86
13 855.38 829.66 14.02
14 906.83 905.92 3.03
15 1027.42 573.34 -1.76
21 958.7 672.39 -5.44
24 662.65 762.68 4.03
25 974.47 685.33 -0.49
26 978.04 664.21 6.4
28 715.22 833.27 2.37
29 928.99 733.87 -10.22
30 1004.23 854.93 7.47
31 846.82 600.91 -15.79
32 1393.47 1558.32 11.54
36 1481.66 467.19 13.46
37 1442.49 1599.35 -11.9
38 1089.04 976.16 1.21
39 1459.75 1612.05 12.0
40 539.13 765.95 2.3
8 978.84 591.72 -2.73

0-10
0-15
10-15
10-21
10-26
10-8
13-14
15-8
21-25
21-26
21-29
21-8
24-28
25-26
25-29
25-8
26-29
26-8
32-37
32-39
37-39
