0 923.57 602.6 1.68
1 958.01 672.81 -5.31
10 785.64 621.59 0.01
13 1241.68 1358.75 -9.1
14 1270.29 1398.33 -8.19
15 769.42 634.97 1.93
17 970.76 802.72 0.36
18 835.21 654.71 10.6
19 651.39 700.79 16.29
21 561.91 764.1 -0.03
22 724.88 723.64 13.05
23 801.56 675.73 15.48
24 731.79 858.16 2.64
25 493.74 792.6 11.59
26 466.28 808.8 10.75
27 614.41 845.82 -8.41
5 879.16 832.24 12.99
6 757.19 699.67 20.56
8 919.64 717.93 -9.87
9 959.06 783.96 -5.81

0-1
1-8
10-15
10-18
10-23
10-6
13-14
15-18
15-22
15-23
15-6
17-5
17-8
17-9
18-23
18-6
19-22
21-25
21-27
22-23
22-6
23-6
25-26
5-9
8-9
