0 1099.8 530.72 -0.81
10 1017.27 578.08 2.1
13 815.41 766.98 -2.31
14 868.85 849.76 11.32
15 1043.9 565.14 4.01
21 967.38 673.58 3.28
24 617.1 790.99 13.06
25 1003.93 736.8 -0.69
26 980.45 695.79 -0.73
28 709.7 824.98 1.58
29 906.08 698.07 -5.37
30 973.58 807.22 0.36
31 861.65 638.19 3.77
32 1354.26 1509.76 -5.41
36 1417.39 506.12 13.91
37 1394.5 1559.58 11.62
38 1043.01 910.55 4.47
39 1409.47 1575.12 -4.41
40 551.14 758.97 0.02
8 996.55 586.82 -3.65

0-10
0-15
10-15
10-8
13-14
15-8
21-25
21-26
21-29
21-8
24-28
24-40
25-26
25-30
26-29
29-31
32-37
32-39
37-39
