0 1034.77 569.9 -1.47
10 955.96 596.6 3.74
13 982.16 1006.5 -14.26
14 1027.65 1067.82 -12.88
15 976.04 592.35 -2.57
19 877.18 724.96 10.03
21 803.48 610.66 -18.64
22 428.19 909.17 25.42
23 693.11 891.17 -1.98
24 687.98 792.35 1.93
25 925.13 693.09 -5.0
26 910.22 698.17 -5.93
27 773.14 632.76 5.1
28 730.02 855.51 1.78
29 1014.99 870.41 2.96
30 1103.34 996.38 -10.54
31 528.61 775.78 11.2
32 1542.56 1672.45 -9.02
8 916.07 604.35 -12.74
9 845.17 644.71 7.91

0-10
0-15
10-15
10-8
13-14
15-8
19-25
19-26
19-9
21-27
21-9
23-24
23-28
24-28
25-26
25-8
25-9
26-8
26-9
27-9
8-9
