0 1067.27 551.74 3.08
10 987.52 589.68 -2.83
13 895.79 889.91 14.23
14 946.29 958.9 -12.65
15 1010.08 581.24 3.95
21 916.71 698.28 2.4
24 674.07 771.46 3.15
25 983.11 661.08 4.89
26 984.83 656.26 -3.73
28 720.08 840.57 1.85
29 956.14 779.2 -5.39
30 1037.16 902.17 3.02
31 744.9 649.56 5.71
32 1441.58 1598.72 -12.68
36 1545.86 428.29 13.51
37 1492.1 1637.21 -11.43
38 1135.47 1039.82 -14.7
39 1508.99 1648.92 -10.19
8 960.54 595.71 3.03
9 761.09 680.17 -6.88

0-10
0-15
10-15
10-25
10-26
10-8
13-14
15-25
15-26
15-8
21-25
21-26
21-29
24-28
25-26
25-8
26-8
31-9
32-37
32-39
37-39
