0 765.39 633.65 1.97
1 833.97 595.75 -11.43
10 601.42 733.46 9.7
12 639.18 777.18 16.87
13 1372.93 1533.66 14.58
14 1394.69 1559.81 12.51
15 803.59 748.26 2.82
17 1084.4 969.56 1.17
18 915.0 710.02 -0.61
19 550.9 759.11 1.38
21 666.86 756.12 13.69
22 824.72 782.03 -4.41
23 909.46 701.65 6.2
24 753.18 890.28 2.06
3 807.66 608.07 -7.29
4 854.61 611.56 10.68
5 1000.04 848.45 10.29
6 826.15 600.66 14.45
8 1022.15 880.65 3.72
9 1056.09 929.29 3.03

0-1
0-3
0-4
0-6
1-3
1-4
1-6
10-12
10-19
10-21
12-19
12-21
13-14
15-22
17-9
18-23
3-4
3-6
4-6
5-8
5-9
8-9
