0 837.8 595.74 -17.13
1 885.42 657.14 14.91
10 680.77 683.82 17.89
12 545.99 835.42 20.72
13 1329.6 1477.42 -13.89
14 1351.68 1506.44 -6.06
15 774.69 702.75 2.55
17 1041.59 908.5 4.02
18 897.09 682.99 -10.69
19 552.27 758.31 0.92
21 598.17 799.04 9.65
22 791.88 729.82 4.17
23 883.54 660.24 -12.98
24 745.52 878.78 3.21
3 863.18 619.76 8.99
4 852.65 640.03 7.11
5 964.93 793.41 0.33
6 863.6 626.77 2.46
8 982.71 821.66 10.63
9 1022.47 881.12 3.21

0-1
0-23
0-3
0-4
0-6
1-18
1-23
1-3
1-4
1-6
10-15
12-19
12-21
13-14
15-22
17-9
18-23
18-3
18-4
18-6
19-21
23-3
23-4
23-6
3-4
3-6
4-6
5-8
8-9
