0 746.6 655.16 -0.0
1 790.4 618.71 -0.99
10 560.85 758.07 -1.1
12 713.78 730.58 12.99
13 1422.66 1585.56 -4.61
14 1446.95 1602.43 -12.99
15 829.79 754.77 10.74
17 1129.03 1031.11 -14.53
18 934.42 743.06 -9.64
19 504.42 786.31 10.55
21 713.05 727.26 5.39
22 853.54 826.9 4.93
23 963.73 673.04 24.39
24 759.92 900.4 3.22
3 780.79 624.48 0.36
4 798.76 617.36 -3.64
5 1039.27 905.19 3.79
6 748.82 647.23 4.63
8 1061.83 937.47 1.08
9 1088.58 975.5 0.89

0-1
0-12
0-21
0-3
0-4
0-6
1-3
1-4
1-6
10-19
12-21
12-6
13-14
15-22
17-9
18-23
21-6
3-4
3-6
4-6
5-8
5-9
8-9
