0 1051.04 561.05 3.43
10 972.27 593.21 -1.18
13 938.26 948.3 -13.78
14 987.49 1013.67 -13.61
15 993.54 587.96 2.88
21 885.96 658.05 18.97
24 681.28 782.29 2.02
25 976.44 661.44 -7.99
26 943.36 681.84 -7.41
28 725.4 848.57 1.47
29 984.57 824.53 8.49
30 1070.11 949.25 0.87
31 636.89 712.87 19.07
32 1492.01 1637.15 -11.71
36 1610.03 389.41 14.24
37 1543.07 1672.81 -8.58
38 1181.62 1102.53 -14.52
39 1552.74 1679.61 -6.77
8 941.2 599.28 3.37
9 786.16 681.58 13.02

0-10
0-15
10-15
10-25
10-26
10-8
13-14
15-25
15-8
21-25
21-26
21-8
24-28
24-31
25-26
25-8
26-8
32-37
32-39
37-39
