0 1115.34 518.82 -0.86
10 1032.2 571.1 -1.31
13 778.92 709.41 3.56
15 1060.86 555.42 3.44
21 991.13 714.44 -0.74
24 531.33 844.59 22.12
25 1019.66 763.51 6.99
26 1007.85 743.62 0.88
28 704.29 816.86 1.24
29 874.73 645.45 -10.65
30 944.08 759.13 -10.12
31 817.46 665.8 7.85
32 1316.22 1459.68 -12.57
36 1353.34 544.94 14.11
37 1355.66 1511.56 -5.24
38 998.12 845.47 12.05
39 1368.52 1528.07 -5.36
40 563.2 751.97 4.87
41 1501.4 1643.66 -14.91
8 1013.02 579.95 2.9

0-10
0-15
10-15
10-8
13-31
15-8
21-25
21-26
21-30
24-40
25-26
25-30
25-38
26-30
29-31
32-37
32-39
37-39
