0 1017.96 577.77 3.09
10 938.83 599.71 3.03
13 1025.44 1064.81 -13.28
14 1068.23 1122.98 -12.37
15 957.36 596.33 3.8
18 477.87 874.21 23.05
19 909.4 697.87 -3.48
21 701.66 671.52 5.81
22 533.84 843.02 19.04
23 659.54 839.75 -1.98
24 695.42 803.53 2.87
25 903.14 686.88 6.9
26 893.23 670.25 10.28
27 663.1 697.72 16.71
28 735.47 863.69 1.48
29 1045.6 914.25 3.12
30 1137.46 1042.52 -11.25
31 421.97 838.65 1.28
8 872.6 629.89 -3.16
9 871.92 640.73 -2.18

0-10
0-15
10-15
10-25
10-26
10-8
10-9
13-14
15-26
15-8
15-9
18-22
18-31
19-25
19-26
19-8
19-9
21-27
23-24
23-28
24-28
25-26
25-8
25-9
26-8
26-9
8-9
