0 715.66 1114.48 -8.41
12 335.19 1269.45 1.84
17 505.59 953.24 -19.58
18 601.2 887.52 -19.23
19 401.21 1157.18 -2.47
20 592.4 1222.1 1.12
25 1042.0 950.78 -10.72
27 617.82 1244.26 -2.95
28 651.97 852.55 -18.47
30 759.41 1175.82 -6.91
34 404.31 938.24 10.29
36 1268.06 521.03 18.73
38 1365.8 453.81 -20.45
41 1059.25 938.73 -10.96
42 1473.93 387.76 -3.21
43 1132.21 620.43 19.3
45 1327.29 749.72 -7.14
46 778.32 1202.31 -2.49
47 426.37 1113.46 10.13
48 553.19 1289.04 -0.73
49 971.29 922.64 6.87
5 607.69 1251.32 -4.65
50 569.55 1014.17 10.56
51 468.47 1158.04 -10.63
52 715.69 1018.13 9.9
53 594.26 997.05 10.75
54 1001.02 1418.51 -10.47
56 576.34 897.81 0.0
57 1042.91 1462.83 -12.1
58 1060.09 1481.4 -5.1
59 519.39 1387.48 -0.08
60 174.42 1289.58 16.28
61 909.03 1537.11 -7.9
62 500.61 1247.22 0.75
63 321.89 932.33 1.39
64 295.57 513.15 -12.55
65 312.23 915.57 2.14
68 802.27 1192.82 5.55
7 36.8 1284.07 -17.17
9 389.52 1228.66 -1.92

0-30
0-46
0-52
0-68
12-19
12-9
17-18
17-34
17-50
17-53
17-56
18-28
18-50
18-53
18-56
19-47
19-51
19-62
19-9
20-27
20-48
20-5
20-51
20-62
25-41
25-49
27-48
27-5
27-62
28-56
30-46
30-68
34-63
34-65
36-38
38-42
41-49
46-68
47-51
47-9
48-5
48-59
48-62
5-62
50-52
50-53
50-56
51-62
51-9
52-53
53-56
54-57
54-58
57-58
59-62
60-7
62-9
63-65
