0 724.33 1126.63 -8.22
12 335.24 1269.41 1.84
17 505.51 953.3 -19.97
18 602.2 886.82 -18.3
19 399.62 1154.95 -2.48
2 720.44 1260.97 -11.22
20 596.84 1229.16 1.09
25 1041.6 951.05 -11.1
27 610.61 1249.29 -3.65
28 652.33 852.29 -17.83
30 692.2 1081.59 -7.2
31 799.28 1141.17 11.53
32 738.36 1248.49 -6.15
34 392.65 919.34 -3.95
36 1260.35 526.68 17.9
38 1321.67 482.83 13.04
41 1060.25 938.03 -10.63
42 1345.78 466.73 -10.47
43 1132.98 619.88 19.08
45 1077.38 925.98 -10.3
48 830.85 1372.91 -12.8
49 1416.35 609.69 0.8
5 555.69 1287.18 -10.19
51 820.45 1179.79 -1.82
52 621.64 880.37 0.0
53 1370.28 450.99 -17.97
54 832.7 1190.38 0.05
56 507.69 1218.05 0.41
57 837.63 1197.4 0.76
58 845.29 1208.33 1.49
59 571.32 1103.12 -1.64
60 527.28 1248.5 5.81
61 677.57 1233.36 7.76
62 454.1 1015.05 13.8
63 473.45 1165.43 -10.87
64 436.1 757.13 11.29
65 443.87 1121.75 -8.87
68 717.08 1020.18 12.61
69 408.04 1126.29 14.96
7 17.4 1297.88 -17.21
70 408.67 1068.68 -4.58
71 494.6 1075.16 1.91
72 584.63 1336.4 -0.0
73 579.42 1346.84 0.17
74 904.11 1885.75 6.11
75 630.85 894.04 8.88
76 218.68 1440.67 4.92
77 86.63 1350.96 21.53
78 991.89 1959.75 12.42
9 389.43 1228.72 -1.92

0-30
0-31
12-9
17-62
18-28
18-52
18-75
19-63
19-65
19-69
19-70
19-9
2-32
2-61
20-27
20-5
20-56
20-60
20-61
25-41
25-45
27-5
27-60
27-61
27-72
28-52
28-75
30-68
31-51
31-54
31-57
31-58
32-61
36-38
38-42
38-53
41-45
42-53
5-56
5-60
5-72
5-73
51-54
51-57
51-58
52-75
54-57
54-58
56-60
56-63
57-58
59-71
60-63
62-70
62-71
63-65
63-69
63-71
65-69
65-70
65-71
69-70
7-77
70-71
72-73
