0 720.73 804.14 -17.25
1 270.88 1117.14 -16.79
10 550.29 1051.33 3.49
12 388.12 1229.63 -2.65
15 796.54 1137.13 11.41
16 735.52 1085.7 6.99
17 996.5 615.48 -6.01
18 1067.8 568.23 -5.23
19 584.34 1430.65 6.0
2 734.59 1232.93 -0.07
20 599.63 1454.51 7.71
22 458.83 985.42 -21.89
23 863.4 1419.71 -12.45
24 818.4 1193.29 -7.43
25 1328.18 749.08 -6.71
27 636.61 1090.36 -10.07
28 1117.84 534.94 -13.33
3 640.59 1180.2 2.31
30 698.96 1015.17 -1.48
31 553.32 1289.23 -0.61
32 670.11 1138.58 -0.88
34 606.03 1130.94 1.72
36 733.4 900.59 11.84
37 634.24 993.86 8.26
38 838.14 826.74 22.04
4 357.2 1056.05 -14.74
41 1346.15 736.17 -6.73
42 887.26 791.48 21.44
43 678.31 938.79 4.85
45 1370.66 718.8 -12.69
46 745.36 1156.12 -4.0
47 421.74 1116.7 9.39
48 573.09 1319.04 -8.45
49 1061.98 860.62 14.16
5 766.85 1228.87 -15.52
50 671.33 1052.34 -10.56
51 533.99 1259.03 5.58
52 638.82 905.87 11.22
53 924.53 765.43 12.14
54 1022.11 1440.98 -10.17
56 553.08 920.6 -11.0
57 1036.56 1456.15 -9.01
58 1050.57 1470.87 -9.31
59 631.39 1311.08 13.75
60 191.99 1277.3 16.13
61 877.12 1516.39 -6.95
62 485.32 1257.61 0.16
63 301.54 897.07 2.14
7 493.84 970.46 1.66
9 436.01 1196.33 -2.61

0-36
10-27
10-34
10-7
12-9
15-16
15-24
15-46
15-5
16-27
16-30
16-32
16-46
16-50
17-18
18-28
19-20
2-24
2-46
2-5
22-7
23-61
24-46
24-5
25-41
25-45
27-3
27-30
27-32
27-34
27-37
27-50
3-32
3-34
30-37
30-43
30-50
31-48
31-51
31-59
31-62
32-34
32-46
32-50
36-43
36-52
37-43
37-50
37-52
38-42
4-47
41-45
42-53
43-52
46-5
47-9
48-51
48-59
51-62
52-56
54-57
54-58
56-7
57-58
62-9
