0 814.86 738.01 -21.3
1 354.4 1058.01 -19.17
10 583.13 1098.36 -0.12
12 397.36 1223.2 -2.58
13 487.38 1186.72 0.39
15 830.45 1187.08 4.31
16 699.55 1110.53 3.65
17 1078.51 561.16 -5.57
18 1145.64 516.2 -13.46
19 618.55 1483.98 7.83
2 727.05 1222.1 -10.79
20 633.03 1506.32 12.55
22 547.24 924.6 -16.64
23 826.44 1366.57 -13.49
24 839.94 1200.69 0.73
25 1376.38 714.84 -11.94
27 606.43 1046.33 -9.52
28 1194.86 482.98 -16.87
3 681.53 1239.13 7.75
30 705.94 1010.32 -1.74
31 531.41 1254.98 7.02
32 636.81 1153.79 6.12
34 629.34 1164.16 0.23
35 566.54 1181.49 7.79
36 678.54 938.64 4.16
37 605.12 989.52 9.22
38 749.7 889.24 15.3
4 435.12 1001.77 -16.04
41 1394.37 702.31 -12.1
42 791.35 860.13 22.6
43 677.8 963.25 3.48
45 1422.8 682.45 -12.17
46 717.95 1117.69 -8.84
47 391.38 1142.99 4.41
48 546.24 1278.24 4.22
49 1003.11 901.03 0.69
5 817.0 1194.26 -6.61
50 637.24 998.73 9.06
51 501.61 1208.68 0.32
52 667.51 948.36 4.27
53 849.44 818.62 17.99
54 1060.01 1481.31 -4.47
56 572.5 891.21 3.6
57 1074.09 1497.02 8.13
58 1089.55 1515.22 12.31
59 518.54 1388.05 -0.08
60 103.96 1338.82 15.88
61 927.09 1549.1 -8.23
7 526.83 1017.7 3.02
9 445.59 1189.68 -2.25

0-53
1-4
1-47
10-27
10-32
10-34
10-35
10-7
12-13
12-47
12-9
13-31
13-35
13-51
13-9
15-24
15-5
16-32
16-34
16-46
17-18
18-28
19-20
2-3
2-5
22-37
22-56
22-7
24-5
25-41
25-45
27-37
27-50
27-7
3-32
3-34
30-36
30-43
30-50
30-52
31-35
31-48
31-51
32-34
32-35
32-46
34-35
35-48
35-51
36-37
36-38
36-43
36-50
36-52
37-43
37-50
37-52
37-7
38-42
4-7
41-45
42-53
43-50
43-52
47-9
48-51
50-52
51-9
54-57
54-58
57-58
