0 582.24 907.81 6.44
1 106.39 1234.52 -14.97
10 581.96 1010.53 -5.06
12 370.75 1242.46 2.2
16 710.35 1010.32 8.83
17 832.1 726.32 -16.03
18 911.59 672.46 -15.77
19 527.4 1342.68 12.35
2 734.59 1232.93 -0.0
20 547.39 1370.85 3.25
22 278.03 1112.07 -17.64
23 959.11 1508.32 6.57
24 692.85 1279.99 -15.19
25 1232.14 817.87 -6.43
27 696.6 1178.14 -6.54
28 961.51 638.49 -3.07
3 572.68 1083.46 4.41
30 680.75 1027.8 -2.09
31 611.67 1324.69 5.58
32 721.12 1213.61 -12.0
34 533.68 1027.52 2.52
36 907.46 777.35 16.29
38 1013.51 703.97 17.29
4 293.16 1001.89 12.71
41 1248.85 805.9 -11.47
42 1049.3 678.95 8.42
43 815.91 842.69 18.08
45 1266.84 793.18 -7.41
46 759.12 1234.18 -12.07
48 642.48 1303.43 7.11
49 1177.43 776.81 13.68
5 691.17 1253.18 4.7
51 583.81 1335.15 -2.8
52 621.64 880.37 0.0
53 1073.99 661.92 8.29
54 951.06 1354.31 7.53
56 413.36 1016.86 -20.06
57 963.34 1370.05 -10.88
58 976.23 1387.16 -11.17
59 677.1 1232.69 8.23
60 368.06 1154.27 16.37
61 808.48 1421.18 9.44
62 559.47 1207.06 3.94
63 372.74 1013.95 -2.32
64 307.46 535.05 -0.06
65 330.49 947.24 1.44
68 799.0 1195.11 4.19
69 51.4 1376.3 21.9
7 382.49 1038.31 -21.98
9 420.89 1206.84 -2.56

0-52
10-3
10-34
12-60
12-9
16-30
17-18
17-36
18-28
19-20
19-31
19-51
2-24
2-27
2-32
2-46
2-5
2-59
2-68
20-31
20-51
22-60
24-31
24-32
24-46
24-48
24-5
24-59
25-41
25-45
25-49
27-32
27-46
27-5
27-59
28-38
28-42
3-34
31-48
31-51
32-46
32-5
32-59
32-68
38-42
38-53
4-63
4-65
4-7
41-45
41-49
42-53
45-49
46-5
46-59
46-68
48-5
48-51
48-59
5-59
54-57
54-58
56-63
56-7
57-58
60-9
63-65
63-7
