0 614.12 960.83 11.73
1 23.58 1293.48 -15.26
10 603.81 1042.46 -10.27
12 362.27 1248.9 1.95
16 672.45 955.53 6.44
17 749.83 783.42 -15.27
18 833.03 725.69 -15.16
19 493.34 1291.65 11.64
2 734.59 1232.93 -0.0
20 584.79 1343.19 1.3
22 189.9 1174.93 -14.88
23 1014.16 1546.94 -5.64
24 598.3 1343.95 -19.46
25 1184.38 851.54 -11.8
27 683.1 1198.65 -9.24
28 883.09 691.76 -15.64
3 542.89 1040.72 1.16
30 674.02 1032.47 -1.61
31 684.1 1274.69 10.71
32 730.23 1226.67 -0.36
34 497.56 975.78 2.56
36 997.37 715.22 8.42
38 1096.07 646.55 19.0
41 1201.66 839.53 -12.96
42 1123.2 626.95 17.76
43 894.53 786.4 15.04
45 1219.64 826.86 -6.12
48 718.86 1250.71 8.3
49 1236.19 735.27 12.71
5 665.48 1216.08 -4.94
51 607.64 1327.47 3.88
52 621.64 880.37 0.0
53 1147.02 609.73 17.53
54 915.31 1310.08 -10.08
56 397.58 1051.83 -3.24
57 928.16 1326.15 8.46
58 941.93 1343.08 7.26
59 639.33 1178.4 2.12
60 429.5 1111.27 5.87
61 775.07 1372.77 0.58
62 560.92 1172.89 9.37
63 388.01 1037.29 -1.48
64 339.51 591.04 -7.77
65 369.03 1008.26 -2.53
68 818.68 1169.85 0.29
69 140.79 1313.07 16.15
7 290.9 1102.94 -18.14
70 321.37 931.42 1.36
72 525.15 1245.16 0.6
9 412.55 1212.63 -1.98

0-10
0-16
0-30
0-52
10-3
10-30
12-9
16-30
16-52
18-28
18-43
19-72
2-27
2-31
2-32
2-48
2-5
20-24
20-51
24-51
25-41
25-45
27-31
27-32
27-48
27-5
27-59
28-43
3-34
31-32
31-48
31-5
31-51
32-48
32-5
38-42
38-53
41-45
42-53
45-49
48-5
5-59
54-57
54-58
56-60
56-63
56-65
57-58
59-62
60-63
62-72
63-65
65-70
