0 1004.19 610.38 -8.68
1 505.55 953.28 -10.67
10 643.24 1183.98 1.75
12 416.56 1209.85 -1.97
13 428.5 1098.79 -1.95
15 880.28 1258.63 9.81
16 619.86 1165.5 6.29
17 1244.74 449.6 -2.26
18 1300.44 413.16 8.9
19 687.7 1588.54 11.83
2 666.68 1133.55 -13.57
20 701.77 1609.82 11.77
21 610.75 880.93 4.52
22 629.93 892.69 11.79
23 751.77 1258.08 -13.18
24 892.13 1276.1 9.37
25 1474.77 647.47 -1.69
27 573.45 996.05 3.4
28 1350.88 380.83 11.98
3 770.42 1226.42 -16.82
30 713.63 1004.98 -0.0
31 450.09 1130.93 -9.94
32 535.37 1223.54 3.15
34 691.73 1253.99 6.15
35 512.86 1238.9 0.41
36 700.04 995.37 6.53
37 542.36 1039.96 0.04
38 572.64 1012.03 12.52
4 492.8 968.97 0.01
40 326.46 1051.14 11.22
41 1492.51 636.12 11.5
42 668.45 947.34 -5.8
43 741.78 1056.52 9.16
45 1528.71 613.8 10.67
46 637.4 998.99 10.38
47 460.37 1242.47 9.79
48 483.03 1259.17 1.47
49 883.22 983.38 6.94
5 868.47 1241.38 1.82
50 533.82 1038.94 12.68
51 437.14 1111.8 -4.74
52 717.68 1021.06 9.97
53 700.72 923.26 10.77
54 1133.26 1566.87 10.79
56 487.3 770.31 -12.89
57 1148.08 1585.61 -11.83
58 1178.93 1626.67 -14.93
59 292.93 1540.67 25.33
7 591.93 1110.86 1.91
9 460.99 1178.97 -1.52

1-27
1-37
1-38
1-4
1-50
10-16
10-2
10-34
10-7
12-31
12-47
12-48
12-9
13-31
13-51
13-9
15-24
15-5
16-2
16-7
17-18
18-28
19-20
2-7
21-22
21-42
21-53
22-42
22-53
23-3
23-34
24-5
25-41
25-45
27-37
27-38
27-4
27-46
27-50
3-34
3-5
30-36
30-42
30-43
30-46
30-52
30-53
31-51
31-9
32-35
32-47
32-48
32-9
35-47
35-48
35-9
36-42
36-43
36-46
36-52
36-53
37-38
37-4
37-50
37-7
38-4
38-46
38-50
4-50
41-45
42-46
42-52
42-53
43-52
46-52
46-53
47-48
47-9
48-9
50-7
51-9
52-53
54-57
54-58
57-58
