0 644.39 1010.34 14.25
10 635.54 1088.83 -10.0
12 352.54 1256.28 1.93
17 669.55 840.44 -19.19
18 755.99 779.03 -13.65
19 469.65 1256.29 9.2
2 734.59 1232.93 -0.0
20 636.7 1307.41 5.09
22 100.21 1238.93 -17.07
25 1136.81 884.6 -11.6
27 655.27 1218.01 -6.43
28 805.62 744.39 -18.76
3 572.5 1012.13 7.52
30 668.09 1036.58 -0.23
31 748.83 1230.0 9.5
32 730.3 1226.77 -0.0
34 466.94 979.85 -10.3
36 1085.78 653.79 9.87
38 1173.18 590.57 15.09
41 1154.27 872.46 -11.74
42 1197.82 572.5 15.55
43 974.9 730.65 7.49
45 1171.02 860.83 -12.62
48 754.41 1261.92 -10.16
49 1297.02 692.28 14.13
5 638.41 1229.83 -9.6
51 667.41 1286.21 9.49
52 621.64 880.37 0.0
53 1220.55 555.85 14.82
54 884.47 1264.81 9.32
56 429.61 1100.49 -2.49
57 895.15 1280.55 9.78
58 906.58 1297.41 8.83
59 616.31 1145.59 1.48
60 455.98 1139.62 -10.56
61 741.31 1324.82 0.59
62 521.26 1113.43 4.86
63 419.03 1084.41 -4.7
64 370.62 646.5 -5.6
65 389.92 1040.2 -2.06
68 783.77 1118.29 12.81
69 231.07 1249.99 16.71
7 199.34 1168.17 -14.69
70 355.66 987.8 -2.31
71 559.03 1169.99 7.39
72 544.92 1276.16 4.4
73 375.28 1485.04 0.43
74 995.69 1962.7 11.54
75 642.91 963.33 3.64
9 404.61 1218.16 -2.39

0-10
0-3
0-30
0-75
10-3
10-30
10-59
12-9
17-52
18-28
19-72
19-9
2-27
2-31
2-32
2-48
2-5
2-51
2-61
20-27
20-5
20-51
20-72
25-41
25-45
27-31
27-32
27-5
27-51
27-59
3-30
3-75
30-75
31-32
31-48
31-51
31-61
32-48
32-5
32-51
32-61
34-65
38-42
38-53
41-45
42-53
48-51
48-61
5-51
5-59
5-71
51-61
52-75
54-57
54-58
56-60
56-62
56-63
56-65
57-58
59-71
60-62
60-63
60-9
62-71
63-65
65-70
69-7
