0 1387.2 358.02 21.91
1 449.73 780.12 3.87
10 764.51 1357.76 0.56
11 761.53 1178.78 -8.39
12 512.62 1315.96 3.87
13 534.63 933.26 -13.53
15 1012.36 1430.73 -9.23
16 423.52 1300.19 4.33
17 1584.32 239.28 15.55
18 1621.41 217.11 12.8
19 826.75 1794.73 -2.33
2 490.57 1068.91 9.07
20 840.29 1813.79 -1.17
21 747.57 1065.03 8.05
22 725.13 997.01 -2.65
23 618.33 1063.94 -11.98
24 1026.8 1445.9 -9.2
25 1675.48 526.32 1.99
27 560.32 870.26 -0.72
28 1670.78 187.28 17.7
29 649.29 921.41 11.31
3 931.87 1330.7 10.3
30 736.69 988.99 -1.4
31 383.62 1030.6 -0.0
32 343.96 1354.73 4.05
34 780.28 1380.17 0.71
35 326.22 1366.88 3.87
36 780.28 1113.15 10.6
37 675.04 1229.68 8.49
38 389.74 1039.9 -2.13
39 563.46 1304.57 -6.33
4 600.47 1123.02 1.96
40 274.7 1219.52 15.59
41 1695.4 514.74 2.17
42 702.77 1108.32 2.12
43 775.26 1211.7 7.13
44 687.63 1248.02 6.22
45 1747.18 484.38 7.77
46 546.8 846.64 -0.96
47 308.45 1379.08 4.44
48 289.09 1392.36 4.57
49 680.95 1123.35 3.84
5 998.49 1415.78 -10.57
50 226.09 1253.47 16.4
51 361.49 996.72 -1.94
52 804.24 1148.5 10.73
53 438.1 1105.1 -4.93
7 716.14 1289.08 0.6
8 666.92 1133.02 1.9
9 407.24 1066.51 -4.34

10-34
10-7
11-36
11-42
11-43
11-49
11-52
12-16
12-39
13-27
13-46
15-24
15-5
16-32
17-18
18-28
19-20
2-53
2-9
21-22
21-30
21-36
21-42
21-49
22-30
23-4
23-42
23-49
23-8
24-5
25-41
25-45
27-46
31-38
31-51
31-53
31-9
32-35
32-47
32-48
35-47
35-48
36-42
36-43
36-49
36-52
37-44
37-7
37-8
38-51
38-53
38-9
4-49
4-8
40-50
41-45
42-49
42-8
43-44
43-52
43-7
44-7
47-48
49-8
51-9
53-9
