0 1485.85 298.37 20.31
1 417.61 726.22 10.88
10 796.51 1403.59 9.23
11 728.52 1132.52 -8.48
12 554.34 1288.11 -13.26
13 577.1 902.57 -6.29
15 1049.8 1470.06 -10.28
16 369.3 1337.36 4.46
17 1670.5 187.45 19.2
18 1703.35 167.5 17.58
19 864.46 1843.85 -12.62
2 443.75 1101.37 3.94
20 881.31 1861.89 -11.58
21 775.12 1105.57 12.96
22 734.63 990.42 -2.22
23 584.97 1014.6 2.16
24 1063.34 1485.03 -3.68
25 1727.24 496.22 7.13
27 532.84 822.79 8.67
28 1750.55 138.75 18.64
29 672.52 955.63 3.88
3 976.47 1387.47 -14.59
30 744.23 983.76 -2.03
31 383.37 1030.22 -0.44
32 293.22 1389.52 4.3
34 822.6 1441.91 12.88
35 276.23 1401.18 4.6
36 814.73 1164.0 7.94
37 693.6 1268.13 6.05
38 422.06 1010.82 -19.19
39 542.68 1272.66 6.03
4 630.47 1165.77 0.62
40 188.49 1279.75 16.13
41 1755.09 479.68 9.64
42 669.08 1131.13 6.4
43 740.24 1235.53 -3.47
44 710.96 1267.57 -12.19
45 1801.75 451.76 12.01
46 502.93 788.01 -12.02
47 253.79 1416.57 5.05
48 234.63 1429.73 4.64
49 654.42 1115.88 -9.89
5 1035.72 1455.28 -9.13
50 138.42 1314.73 15.93
51 330.29 946.91 1.23
52 818.2 1181.64 6.83
53 416.7 1080.88 -3.87
7 754.82 1344.01 0.67
8 658.2 1139.04 4.36
9 391.55 1031.97 -6.74

10-34
10-7
11-21
11-36
11-42
11-49
11-8
12-39
13-27
15-24
15-5
16-32
17-18
17-28
18-28
19-20
2-31
2-38
2-53
2-9
21-36
21-52
22-29
22-30
24-5
25-41
25-45
27-46
29-30
3-5
31-38
31-51
31-53
31-9
32-35
32-47
32-48
35-47
35-48
36-52
37-43
37-44
37-7
38-53
38-9
4-42
4-49
4-8
40-50
41-45
42-49
42-8
43-44
43-52
44-7
47-48
49-8
53-9
