0 581.11 904.14 -1.15
1 145.22 1206.88 -13.79
10 578.19 1009.07 -4.49
12 372.32 1241.28 2.2
16 694.97 988.05 6.5
17 833.84 725.14 -15.66
18 908.34 674.66 -14.82
19 527.27 1342.48 12.1
2 734.59 1232.93 -0.0
20 547.39 1370.85 3.25
22 406.01 1021.95 -12.14
23 954.96 1505.47 6.57
24 708.58 1269.22 -5.43
25 1235.62 815.38 -6.41
27 689.59 1194.15 -7.66
28 956.99 641.47 -3.13
3 573.7 1084.92 4.33
30 689.84 1078.29 -7.62
31 743.91 1233.41 15.18
32 697.43 1179.38 -4.56
34 626.57 1160.21 1.04
35 513.87 1238.21 0.0
36 715.72 1018.18 10.61
37 655.61 1201.61 2.42
38 391.42 1032.07 -6.93
39 514.66 1228.8 0.35
40 66.63 1365.34 20.68
5 699.67 1264.96 1.2
7 456.49 987.03 -11.77
9 419.37 1207.89 -2.56

10-3
12-9
16-30
16-36
17-18
18-28
19-20
2-24
2-27
2-31
2-32
2-37
2-5
22-38
22-7
24-27
24-31
24-32
24-37
24-5
27-31
27-32
27-34
27-37
27-5
3-34
30-36
31-32
31-37
31-5
32-34
32-37
32-5
34-37
35-39
35-9
37-5
38-7
39-9
