0 705.22 1099.84 -8.35
12 336.32 1268.59 2.16
17 505.63 953.22 -19.19
18 598.09 889.66 -17.99
19 400.0 1155.49 -2.51
20 598.06 1231.11 1.12
22 113.08 1229.76 -17.21
25 1042.52 950.42 -11.18
28 649.61 854.17 -18.31
30 807.42 1243.48 -10.68
34 492.88 969.08 0.15
36 817.86 841.3 20.79
37 542.36 1039.95 0.01
38 556.81 1023.0 12.14
39 646.87 1300.39 8.26
40 384.87 1142.36 4.49
41 1673.8 527.3 2.63
42 702.36 1108.6 2.36
43 748.89 1229.96 4.44
44 704.45 1268.85 7.69
45 1823.0 438.84 11.63
46 465.31 742.83 -13.8
47 208.01 1447.99 4.59
48 191.49 1459.31 3.77
49 641.05 1096.72 -6.83
5 611.2 1248.88 -2.9
50 86.17 1351.29 21.34
51 295.03 885.8 2.05
7 140.91 1209.96 -15.0
9 387.92 1229.77 -2.12

0-42
0-49
12-9
17-34
17-37
17-38
18-28
19-40
19-9
20-39
20-5
22-7
30-43
34-37
34-38
37-38
39-44
39-5
40-9
42-49
43-44
44-5
47-48
