0 1006.44 608.9 -8.56
1 504.44 954.04 -11.43
10 642.51 1182.94 1.72
12 417.72 1209.04 -2.21
13 440.73 1117.12 -9.26
15 879.38 1257.3 9.75
16 621.83 1164.14 6.57
17 1245.7 448.97 -2.33
18 1298.58 414.35 9.01
19 687.7 1588.54 11.83
2 667.49 1134.73 -12.66
20 701.77 1609.82 11.77
21 611.79 880.22 0.69
22 640.18 907.89 12.51
23 748.92 1253.94 -11.53
24 890.98 1274.41 9.81
25 1476.34 646.44 -1.77
27 574.11 997.17 3.73
28 1349.43 381.75 11.54
3 776.67 1222.12 -15.12
30 701.15 1013.65 -1.55
31 502.03 1209.32 0.37
32 535.35 1223.55 3.0
34 805.31 1416.52 12.83
35 239.3 1426.52 5.71
36 818.49 1181.44 6.95
4 467.91 979.18 -10.39
5 868.68 1241.67 1.66
7 593.17 1112.62 1.92
9 460.21 1179.52 -2.04

1-27
1-4
10-16
10-2
10-7
12-13
12-31
12-9
13-9
15-24
15-36
15-5
16-2
16-7
17-18
18-28
19-20
2-7
21-22
23-3
24-5
3-36
3-5
31-32
31-9
32-9
36-5
