0 1197.31 481.31 -20.24
1 510.94 886.81 -7.98
10 705.1 1273.35 3.04
11 834.38 1170.52 1.82
12 461.35 1243.93 12.68
13 389.14 1034.58 5.84
15 944.91 1346.75 7.3
16 518.88 1234.8 1.39
17 1414.43 341.46 18.96
18 1459.68 314.15 16.04
19 757.54 1693.16 11.01
2 593.37 1027.01 -8.6
20 770.85 1712.92 12.29
21 671.78 954.56 3.02
22 698.6 993.29 4.1
23 693.7 1173.82 -7.1
24 957.65 1362.51 -9.85
25 1577.57 584.35 11.98
27 543.37 927.26 -9.4
28 1509.97 283.82 16.41
29 596.19 842.16 12.01
3 848.99 1213.59 2.23
30 719.31 1001.04 -2.61
31 447.1 1126.51 -11.91
32 447.02 1283.96 6.69
34 904.87 1534.35 -11.27
4 534.09 1028.1 2.79
5 932.12 1331.01 7.23
7 655.38 1201.28 2.13
9 467.88 1157.17 -11.77

1-27
1-29
10-7
11-3
12-16
12-32
12-9
15-24
15-5
16-32
16-9
17-18
18-28
19-20
2-4
21-22
21-30
22-30
23-7
24-5
31-9
