0 912.67 671.73 -18.17
1 433.46 1002.92 -20.58
10 614.19 1142.58 1.48
12 409.12 1215.02 -2.06
13 479.14 1174.1 -4.25
15 848.51 1212.91 1.83
16 666.66 1133.2 4.63
17 1162.35 504.93 -14.74
18 1219.25 466.47 -9.38
19 652.75 1535.91 12.39
2 698.3 1180.69 -3.48
20 667.21 1557.61 12.54
21 563.2 913.65 -14.8
22 614.73 878.37 -0.39
23 786.09 1307.94 -13.07
24 860.68 1230.27 1.71
25 1427.24 679.35 -11.47
27 597.37 1032.93 -9.64
28 1270.16 432.91 -3.76
3 709.2 1268.8 -11.12
30 692.6 1019.58 -2.21
31 541.72 1271.15 6.24
32 585.69 1189.07 6.14
34 760.09 1351.49 0.78
35 302.74 1382.99 5.53
36 803.08 1146.79 11.11
4 400.61 1025.69 -20.39
5 837.54 1197.28 1.59
7 552.86 1055.02 4.49
9 452.61 1184.8 -1.85

1-4
10-16
10-2
10-32
12-13
12-9
13-9
15-24
15-36
15-5
16-2
16-32
17-18
18-28
19-20
2-3
21-22
23-3
23-34
24-5
27-30
27-7
3-34
31-32
36-5
