0 725.38 800.83 -17.15
1 305.68 1092.45 -12.66
10 548.93 1049.38 3.59
12 389.84 1228.44 -2.81
15 797.78 1138.96 11.7
16 748.58 1076.67 3.23
17 998.68 614.04 -7.51
18 1063.83 570.86 -5.33
19 584.34 1430.65 6.0
2 734.59 1232.93 -0.01
20 599.63 1454.51 7.71
22 523.41 940.98 -9.45
23 860.53 1415.58 -12.45
24 815.96 1194.98 -7.04
25 1330.79 747.21 -6.49
27 660.16 1124.1 -10.06
28 1113.7 537.73 -13.9
3 638.46 1177.15 2.08
30 675.32 1031.57 -2.49
31 592.46 1337.94 -3.62
32 665.59 1135.26 0.14
34 695.89 1260.05 4.22
35 428.24 1296.94 5.89
36 756.47 1078.13 0.0
37 657.02 1293.39 8.24
38 507.07 952.23 -8.4
4 310.46 1027.47 11.79
5 764.72 1230.33 -15.59
7 494.21 970.98 1.44
9 435.84 1196.45 -1.63

1-4
10-7
12-35
12-9
15-16
15-24
15-36
15-5
16-30
16-36
17-18
18-28
19-20
19-31
2-24
2-34
2-37
2-5
22-38
22-7
24-5
27-3
27-30
27-32
3-32
30-36
31-37
34-37
34-5
38-7
