0 629.1 985.51 9.59
10 629.89 1080.74 -9.08
12 354.1 1255.09 1.93
17 669.87 840.22 -19.74
18 752.18 781.74 -13.63
19 470.68 1257.82 8.24
2 661.85 1301.04 -17.15
20 633.96 1309.3 5.06
22 290.99 1102.87 -17.68
25 1139.6 882.66 -11.73
27 617.25 1244.66 -6.87
28 802.14 746.79 -18.52
3 570.99 1013.18 6.9
30 749.35 1161.71 -4.71
31 799.57 1141.6 12.03
32 735.31 1250.61 -4.0
34 548.29 1048.46 3.71
35 573.4 1196.68 6.01
36 678.03 938.99 4.22
37 587.89 1105.1 1.59
38 435.39 1105.81 5.63
39 570.81 1315.62 -7.21
40 239.87 1243.84 16.13
41 1808.1 447.9 14.79
42 641.97 1098.04 -6.86
43 707.84 1194.55 -0.0
44 888.04 1144.63 -27.84
5 652.59 1219.89 -6.28
7 319.7 1082.51 -16.65
9 403.09 1219.21 -2.39

0-10
0-3
0-36
10-3
10-34
10-37
10-42
12-9
17-36
18-28
19-9
2-20
2-27
2-32
2-39
2-5
20-27
20-39
20-5
22-7
27-35
27-39
27-5
3-34
3-37
30-31
30-32
30-43
31-44
32-43
32-5
34-37
35-37
35-5
37-42
43-5
